1.000000000000000000e+00 0.000000000000000000e+00 0.000000000000000000e+00 0.000000000000000000e+00 0.000000000000000000e+00 1.000000000000000000e+00 0.000000000000000000e+00 0.000000000000000000e+00 0.000000000000000000e+00 0.000000000000000000e+00 1.000000000000000000e+00 0.000000000000000000e+00
9.999876480738647544e-01 4.934755527972615151e-03 5.932011291272768112e-04 6.593180447816848755e-02 -4.933997628898462683e-03 9.999870182643434413e-01 -1.272387592605799759e-03 -2.050519883632659912e-01 -5.994723500533625810e-04 1.269445023203666541e-03 9.999990145706317834e-01 8.061151020228862762e-03
9.999961759128855876e-01 2.609194722946524270e-03 9.166583348780014051e-04 7.550035417079925537e-02 -2.606661396252494059e-03 9.999928101996261587e-01 -2.754063437854976839e-03 -3.515854477882385254e-01 -9.238376320762738602e-04 2.751663488181392125e-03 9.999957874271658831e-01 1.447646971791982651e-02
9.999988832126371907e-01 1.395634041841655555e-03 5.345831081383875007e-04 -5.383652169257402420e-03 -1.394455381926450058e-03 9.999966101956957454e-01 -2.198884104597060522e-03 -2.763336300849914551e-01 -5.376501335167067821e-04 2.198136196618849948e-03 9.999974395615195411e-01 1.757333613932132721e-02
9.998091641108046712e-01 1.950954955774461194e-02 1.006397589414124083e-03 9.146444499492645264e-02 -1.950878006394798567e-02 9.998093900298592462e-01 -7.688358325997305277e-04 -7.442754507064819336e-02 -1.021205400777530159e-03 7.490555219012034506e-04 9.999991980273557068e-01 1.198050007224082947e-02
9.972609213005507733e-01 7.395706926741267562e-02 1.003370396190296455e-03 1.122664213180541992e-01 -7.395652661862443800e-02 9.972613047691555321e-01 -5.676095755113135790e-04 -6.542427092790603638e-02 -1.042601211164416669e-03 4.918490587992396064e-04 9.999993355333881562e-01 6.488654296845197678e-03
9.990329937019671869e-01 4.395224499744790347e-02 1.130333830994818822e-03 1.561813652515411377e-01 -4.395047340447509610e-02 9.990325131435006112e-01 -1.547116577278824425e-03 -2.401272952556610107e-01 -1.197239494714046754e-03 1.495941798827488730e-03 9.999981643861786118e-01 9.961417876183986664e-03
9.997366257194684191e-01 2.291152209016674574e-02 1.319602426218772096e-03 1.340059638023376465e-01 -2.290899147410706965e-02 9.997357454842946689e-01 -1.901922869341599910e-03 -2.589541375637054443e-01 -1.362829663153421363e-03 1.871191191042803886e-03 9.999973206658284708e-01 1.452479045838117599e-02
9.999635737691534576e-01 8.527365297019702528e-03 -3.676627720610416627e-04 -9.822214394807815552e-02 -8.527018981444145496e-03 9.999632086460809033e-01 9.334353348965738345e-04 1.544436961412429810e-01 3.756089893316809630e-04 -9.302662659294498072e-04 9.999994967611541830e-01 9.530827403068542480e-03
9.999220409332715276e-01 1.127218064399500806e-02 -5.371219542169666794e-03 -2.782883346080780029e-01 -1.122482003152741777e-02 9.998985618831028876e-01 8.767517286133679963e-03 6.703349947929382324e-01 5.469503734422514682e-03 -8.706542805957848477e-03 9.999471389234869667e-01 -2.244979329407215118e-02
9.999328852686070190e-01 1.109848598204525236e-02 -3.323938523086050843e-03 -2.847076952457427979e-01 -1.108438324061264760e-02 9.999296126604241275e-01 4.231568615715995338e-03 4.641969203948974609e-01 3.370668564860083895e-03 -4.194440806666858979e-03 9.999855225250739998e-01 -1.724991574883460999e-02
9.964167463427184845e-01 8.444148567592772714e-02 4.827328933540202260e-03 1.677387356758117676e-01 -8.442774690215788802e-02 9.964251398205012933e-01 -2.982664365878097239e-03 -3.664150834083557129e-01 -5.061932517889743133e-03 2.564416217466225500e-03 9.999839001747217182e-01 3.122003562748432159e-02
9.994446409087661687e-01 -1.975093036600406981e-03 3.326422652406308550e-02 -2.736977040767669678e-01 1.614915613523448378e-03 9.999398203839757748e-01 1.085115929398921576e-02 1.874498873949050903e-01 -3.328365674484411868e-02 -1.079141408523938243e-02 9.993876843226218165e-01 3.082485496997833252e-02
9.847314928605034323e-01 1.724457270893806626e-01 2.379828097445681537e-02 -3.038659393787384033e-01 -1.730896180176147436e-01 9.844985129405515734e-01 2.833129281128519625e-02 3.483577370643615723e-01 -1.854376184166993749e-02 -3.201795162806951589e-02 9.993152553975657160e-01 -1.313871587626636028e-03
9.682920436511769369e-01 2.494453302210198620e-01 1.369472280674632197e-02 7.815957069396972656e-02 -2.497943653946583520e-01 9.675331421079197414e-01 3.850186930339712099e-02 3.185968399047851562e-01 -3.645986684995816511e-03 -4.070191830494386542e-02 9.991646814351429207e-01 -1.228347327560186386e-02
9.577361729966101800e-01 2.870409119565592304e-01 1.867987679171972254e-02 1.100318506360054016e-01 -2.875938643319995158e-01 9.567952712202001386e-01 4.280862260399256186e-02 5.557259917259216309e-01 -5.584991709439189773e-03 -4.637158433578033451e-02 9.989086464906563601e-01 -9.271757677197456360e-03
9.336699499745243491e-01 3.572600675752933830e-01 2.501336903869368078e-02 4.263978302478790283e-01 -3.580735408953656940e-01 9.325211202926518839e-01 4.677285023164872574e-02 6.081809997558593750e-01 -6.615423283808258628e-03 -5.262703035735694784e-02 9.985923251510306908e-01 -4.095755517482757568e-02
9.092911999205502971e-01 4.150872817587697439e-01 2.986741149081315050e-02 3.997702002525329590e-01 -4.160065190714311578e-01 9.085627372692762771e-01 3.810942843747580633e-02 5.343050956726074219e-01 -1.131767807974884237e-02 -4.707760580016595586e-02 9.988271167699680486e-01 -3.300314396619796753e-02
8.684365395350637229e-01 4.945918202346449299e-01 3.459636046384789027e-02 4.784173369407653809e-01 -4.957473612205449132e-01 8.672471986830916357e-01 4.600924058487441265e-02 1.144005775451660156e+00 -7.247802648415809998e-03 -5.710716008795192061e-02 9.983417459084131806e-01 -5.275731906294822693e-02
8.542672342005658281e-01 5.178321915640188289e-01 4.557755973416081213e-02 5.181962251663208008e-02 -5.197908587466225638e-01 8.520374898669270669e-01 6.204497582169655329e-02 5.658071041107177734e-01 -6.704903784868626593e-03 -7.669378880503663343e-02 9.970321494435192555e-01 -2.514978498220443726e-02
8.416273466627705035e-01 5.367742654644115374e-01 5.947097850654614604e-02 8.719750642776489258e-01 -5.400176337536245486e-01 8.378033778698458223e-01 8.041427276928135581e-02 1.395066738128662109e+00 -6.660674479423520089e-03 -9.979422811474426835e-02 9.949858026376363629e-01 -6.849388778209686279e-02
8.286342185102966162e-01 5.555636078694816682e-01 6.866155783897261167e-02 1.076500296592712402e+00 -5.597895596733648560e-01 8.225931322039385929e-01 9.988086769553967958e-02 2.124819755554199219e+00 -9.903507106939907212e-04 -1.212007279761896233e-01 9.926275246755509318e-01 -1.351533681154251099e-01
8.370588290400229337e-01 5.416684442274006805e-01 7.699229347417091418e-02 1.656843423843383789e+00 -5.470493624147463319e-01 8.307773143284775674e-01 1.026939583363183084e-01 2.642317295074462891e+00 -8.337374152874645061e-03 -1.280794695703777464e-01 9.917288629795977251e-01 -1.676176488399505615e-01
8.126817962504311321e-01 5.782768775112026027e-01 7.172273683474719719e-02 1.211788773536682129e+00 -5.826909369586112941e-01 8.055445630791536749e-01 1.075603499432346982e-01 2.966395378112792969e+00 4.423802602798454497e-03 -1.292045271246676785e-01 9.916080980614380147e-01 -2.143211513757705688e-01
8.219685336215858396e-01 5.681073194194670162e-01 4.027161975892843554e-02 1.269994020462036133e+00 -5.682211261610743414e-01 8.132262128666987167e-01 1.256498248734447265e-01 2.698381662368774414e+00 3.863264837181707573e-02 -1.261633874327833249e-01 9.912569385135545641e-01 -1.883735954761505127e-01
9.218576507085185501e-01 3.860939220994900611e-01 3.331598937453206233e-02 1.200444817543029785e+00 -3.873955171567601830e-01 9.158755930951739677e-01 1.053404540497602793e-01 2.503401517868041992e+00 1.015800753186099983e-02 -1.100153684282166311e-01 9.938779772148019775e-01 -1.822016537189483643e-01
9.123116661572874264e-01 4.085685833931136379e-01 2.755243106258514763e-02 7.342439889907836914e-01 -4.092265537993228230e-01 9.072012057821677855e-01 9.756843697072682675e-02 2.514886379241943359e+00 1.486779939480284418e-02 -1.002880097096612161e-01 9.948473569596648636e-01 -1.869368106126785278e-01
8.987264267755328273e-01 4.372944257618378017e-01 3.262506724755095261e-02 1.115020394325256348e+00 -4.381294710966089911e-01 8.923605045290612381e-01 1.083295735856319164e-01 2.024778604507446289e+00 1.825859720483454657e-02 -1.116526540403929291e-01 9.935795431035443492e-01 -1.252496987581253052e-01
9.570525368742311967e-01 2.875202720018082969e-01 3.718245353126489738e-02 1.205948829650878906e+00 -2.899139210037432468e-01 9.488811942558061929e-01 1.247974262391269157e-01 2.012474298477172852e+00 6.000590252917235856e-04 -1.302174042733196258e-01 9.914852835788764418e-01 -1.507264524698257446e-01
9.200988718291022161e-01 3.885252123297548432e-01 4.966110593746683038e-02 1.154925465583801270e+00 -3.915413434284465422e-01 9.088883464301286130e-01 1.435874301941290065e-01 2.810875892639160156e+00 1.065093634666213623e-02 -1.515590086653562096e-01 9.883908257603941649e-01 -2.123084366321563721e-01
8.993719696848015976e-01 4.342009772760486164e-01 5.098599295693503897e-02 3.935444951057434082e-01 -4.363710776085966692e-01 8.844636317342287057e-01 1.652403303258945799e-01 3.270480632781982422e+00 2.665225641465392148e-02 -1.708613340461291319e-01 9.849345469400413444e-01 -2.576955556869506836e-01
9.449383971303445540e-01 3.234812771651625618e-01 4.951049335575662125e-02 3.061473965644836426e-01 -3.271463918179008945e-01 9.299956028197102764e-01 1.675810760692628132e-01 3.364696264266967773e+00 8.164799401309239674e-03 -1.745509726687274887e-01 9.846142869119548502e-01 -2.444444149732589722e-01
9.422106790142765753e-01 3.308764013221887068e-01 5.253421170564725323e-02 5.439090728759765625e-02 -3.349541553334967614e-01 9.272379631333775851e-01 1.674379692575399259e-01 3.760532855987548828e+00 6.689557255868068542e-03 -1.753583952148944636e-01 9.844819363763752662e-01 -2.722692787647247314e-01
9.354534966095138238e-01 3.482255331078360494e-01 6.054530347432185433e-02 3.775712549686431885e-01 -3.534382356015878801e-01 9.202114262642858700e-01 1.682032835217113220e-01 4.259101390838623047e+00 2.858198011126699550e-03 -1.787453749455132912e-01 9.838912143320098780e-01 -2.907544374465942383e-01
9.180149442238211277e-01 3.903448324986777407e-01 6.985323130187841290e-02 8.045269250869750977e-01 -3.965393078074622157e-01 9.026377090521023883e-01 1.673372151099420113e-01 4.297580242156982422e+00 2.267056530671371362e-03 -1.813176161842844081e-01 9.834219758150288815e-01 -2.793740034103393555e-01
8.846417793495685578e-01 4.610354598854249919e-01 6.967945864789701349e-02 9.445835351943969727e-01 -4.659656990789465270e-01 8.687250953821568089e-01 1.679067477355551397e-01 4.452988624572753906e+00 1.687867030005631847e-02 -1.810055617418905305e-01 9.833372245101904552e-01 -3.070316910743713379e-01
8.994259220465437021e-01 4.355362328447871523e-01 3.662240612106377330e-02 8.800315856933593750e-01 -4.339404884077686653e-01 8.798248804641231047e-01 1.939170756708100407e-01 4.328306674957275391e+00 5.223660853416859512e-02 -1.903059893846297534e-01 9.803341099508805501e-01 -2.849679589271545410e-01
9.022303401139025736e-01 4.312402466239476651e-01 3.501866597760999733e-03 9.485828876495361328e-01 -4.224535552700989793e-01 8.821566445437111215e-01 2.081649541278112747e-01 4.506189346313476562e+00 8.667991126901955501e-02 -1.892921133568358227e-01 9.780874648022526152e-01 -2.736698687076568604e-01
9.141651798929386619e-01 4.041094274661476415e-01 -3.158471947467065416e-02 7.826253175735473633e-01 -3.886392451684078653e-01 8.959685464032629554e-01 2.149416222395147680e-01 4.453880310058593750e+00 1.151588510981307878e-01 -1.842170852255741453e-01 9.761160302570346392e-01 -2.618406414985656738e-01
9.111673049599364749e-01 4.091983389382252700e-01 -4.827899939148770636e-02 6.984242200851440430e-01 -3.891915381292842535e-01 8.931933542480068322e-01 2.252455961295505293e-01 5.390954017639160156e+00 1.352926051955827824e-01 -1.864466447469410038e-01 9.731051123295982874e-01 -3.108504414558410645e-01
8.928437074683385211e-01 4.474859418996086080e-01 -5.085711195508406390e-02 5.508441925048828125e-01 -4.258560830270608499e-01 8.755972484074128204e-01 2.279825763741967770e-01 5.546445846557617188e+00 1.465493452153262544e-01 -1.818949982368606721e-01 9.723361039441925646e-01 -3.380146920680999756e-01
8.812823456102240050e-01 4.700045028610799203e-01 -4.936795120369905088e-02 6.634658575057983398e-01 -4.484437909227362851e-01 8.646431050338903024e-01 2.264739881315247227e-01 5.520439147949218750e+00 1.491294528206513204e-01 -1.774487762923766809e-01 9.727653047337528891e-01 -3.317143321037292480e-01
8.570839464369968130e-01 5.130631124431743739e-01 -4.661921717602809934e-02 8.536094427108764648e-01 -4.915528076645825362e-01 8.415148040844394606e-01 2.241175401074028961e-01 5.445939540863037109e+00 1.542172040890673057e-01 -1.691717386470032725e-01 9.734464427004193565e-01 -3.159326016902923584e-01
8.906283900428501044e-01 4.520816064899633724e-01 -4.902338139229747010e-02 5.840373039245605469e-01 -4.307844585215857003e-01 8.733320210630436398e-01 2.274113701691358735e-01 5.977823257446289062e+00 1.456221863108262127e-01 -1.814205116831980602e-01 9.725640219515945262e-01 -4.074639081954956055e-01
9.096848426259456222e-01 4.135933547949308675e-01 -3.760351002343967353e-02 8.164011240005493164e-01 -3.969337637960262954e-01 8.925135566990992642e-01 2.141568076598175108e-01 5.279390335083007812e+00 1.221354750075870632e-01 -1.798890991077504997e-01 9.760752213671203270e-01 -3.383250236511230469e-01
8.910691907374600484e-01 4.535464979960658893e-01 -1.706667729795657840e-02 9.529409408569335938e-01 -4.411422966121734679e-01 8.743152660462769621e-01 2.024013085386677513e-01 5.848045349121093750e+00 1.067200611798228282e-01 -1.728247369849942594e-01 9.791539403116561457e-01 -3.614393174648284912e-01
9.202356233713180345e-01 3.910705650822571822e-01 -1.517269272890347381e-02 1.133291363716125488e+00 -3.807192505642317815e-01 9.035120389132702545e-01 1.967710542447611843e-01 5.821299552917480469e+00 9.066007791862637499e-02 -1.752991975595697138e-01 9.803320568086915099e-01 -3.716656565666198730e-01
9.325965571478429528e-01 3.607348512820203190e-01 -1.157707504203279308e-02 1.238828420639038086e+00 -3.515957272871181871e-01 9.152784806077187696e-01 1.965852168650230603e-01 5.727147579193115234e+00 8.151138662440113314e-02 -1.792642463152214760e-01 9.804183922405795837e-01 -3.507620990276336670e-01
9.168704831903915498e-01 3.991604564449134918e-01 -4.409882640877056670e-03 1.087780356407165527e+00 -3.916530683901913168e-01 9.016520912139536215e-01 1.833886049623920100e-01 5.097904205322265625e+00 7.717765916873922660e-02 -1.664164547759400814e-01 9.830306060876443652e-01 -3.001952469348907471e-01
9.251476285069565320e-01 3.791147650889567511e-01 -1.933546894956184384e-02 1.199730157852172852e+00 -3.717567339634513801e-01 9.151437560562496465e-01 1.559129132050546818e-01 5.268135547637939453e+00 7.680362114368022297e-02 -1.370543711189264324e-01 9.875815425251798230e-01 -2.907619476318359375e-01
9.225618320816227902e-01 3.847696090399730373e-01 -2.884465193802976390e-02 1.194860458374023438e+00 -3.785210335575370788e-01 9.170080799211501876e-01 1.257696645215346798e-01 5.636548042297363281e+00 7.484312353672600837e-02 -1.051119846570876676e-01 9.916400443410474663e-01 -3.536345064640045166e-01
9.289500933087546652e-01 3.685080266238505708e-01 -3.540562745456408977e-02 9.061578512191772461e-01 -3.618585847505750297e-01 9.240379807204045504e-01 1.233376456256084081e-01 5.675934314727783203e+00 7.816705689717907968e-02 -1.017626871694763818e-01 9.917329613943869360e-01 -3.423399925231933594e-01
9.386342520890573748e-01 3.431693049203069501e-01 -3.464922749109188016e-02 1.036402702331542969e+00 -3.372199721535104056e-01 9.341536547816244873e-01 1.167888677867859049e-01 5.558291912078857422e+00 7.244605707698435759e-02 -9.793762003769093671e-02 9.925521605413749615e-01 -3.890287280082702637e-01
9.520861372521963739e-01 3.053694973950173419e-01 -1.677668956935610828e-02 1.090770006179809570e+00 -2.999686454252777357e-01 9.431212285258574468e-01 1.433218757398934395e-01 4.879553318023681641e+00 5.958858123765044951e-02 -1.314222902120942560e-01 9.895339219155107058e-01 -3.276349902153015137e-01
9.519484114957994514e-01 3.054560049714172276e-01 -2.215515464909896537e-02 1.101305961608886719e+00 -2.988397877058636132e-01 9.422812740870938342e-01 1.509992774443557340e-01 4.907813072204589844e+00 6.700002339207311586e-02 -1.371226805882406474e-01 9.882855697285866103e-01 -2.643391489982604980e-01
9.524690679516077951e-01 3.022019060538505553e-01 -3.842762772817517880e-02 1.229090213775634766e+00 -2.933953982218191481e-01 9.439478872348342486e-01 1.512664089847864934e-01 5.016697883605957031e+00 8.198667512258148160e-02 -1.328020864380985433e-01 9.877458129195142433e-01 -2.872071266174316406e-01
8.971635683602747768e-01 4.394614319734465591e-01 -4.439798886105408848e-02 2.852271795272827148e-01 -4.253168054642456619e-01 8.866352969641448922e-01 1.816135049135708945e-01 4.721994400024414062e+00 1.191769549734658928e-01 -1.440538093392549068e-01 9.823672192302133066e-01 -2.703420817852020264e-01
8.850209552050398720e-01 4.630382118087237320e-01 -4.830655496864132148e-02 -3.134163618087768555e-01 -4.472032610635835459e-01 8.743953705198947990e-01 1.882604029196587592e-01 5.160212039947509766e+00 1.294107883526534053e-01 -1.450115527065184151e-01 9.809304243622936070e-01 -3.335365951061248779e-01
8.870980075182826052e-01 4.572326711372209362e-01 -6.320925171060778891e-02 -3.293214440345764160e-01 -4.432475551361587107e-01 8.820493708844920899e-01 1.597514074682587493e-01 5.237512111663818359e+00 1.287972434600636595e-01 -1.136978089806206654e-01 9.851315030543361662e-01 -2.925775647163391113e-01
9.064880799576633397e-01 4.185496686668608857e-01 -5.563753906788131837e-02 -6.431250572204589844e-01 -4.101306411281573916e-01 9.041517245376249345e-01 1.195931278270011555e-01 5.270756721496582031e+00 1.003604409240792250e-01 -8.559108525132660961e-02 9.912628047208391635e-01 -3.684650063514709473e-01
9.043338356332752959e-01 4.254703595292553264e-01 -3.398951148302136599e-02 -7.687091231346130371e-01 -4.206799240182235722e-01 9.019466619581110178e-01 9.757366709641859814e-02 5.135703086853027344e+00 7.217142964379907877e-02 -7.394046351401456496e-02 9.946477228639810653e-01 -3.413156867027282715e-01
9.123721607453092464e-01 4.089788377801665264e-01 -1.770171022584916126e-02 -7.016367316246032715e-01 -4.064157200399839409e-01 9.101373872169205015e-01 8.047483391929904917e-02 4.663408279418945312e+00 4.902349234109226045e-02 -6.622874480119314566e-02 9.965994433877340963e-01 -3.224897682666778564e-01
9.098643592130966073e-01 4.144920777461735262e-01 -1.852472184409719239e-02 -6.181609630584716797e-01 -4.118276068751564600e-01 9.076419613077155724e-01 8.114241978746397632e-02 4.949241161346435547e+00 5.044670503831442943e-02 -6.619960391983850667e-02 9.965303519670807297e-01 -3.293835818767547607e-01
9.115769524127718126e-01 4.099895415154004574e-01 -3.059470015925658953e-02 -2.514598965644836426e-01 -4.071572471746304211e-01 9.105858793533145867e-01 7.110789263877617672e-02 4.924866199493408203e+00 5.701259424916581969e-02 -5.236346216917401458e-02 9.969993139047977904e-01 -3.182286024093627930e-01
9.120617137480985237e-01 4.075941704770963403e-01 -4.483773531267304380e-02 -3.555378317832946777e-01 -4.042627169799276610e-01 9.121018516571487433e-01 6.813125467513071742e-02 4.743131637573242188e+00 6.866648363567590119e-02 -4.401368419807981380e-02 9.966683047174837995e-01 -3.015389740467071533e-01
8.976677845197034156e-01 4.366180206345292580e-01 -5.964270862958010594e-02 -5.822405815124511719e-01 -4.335756403588215679e-01 8.992765008114448344e-01 5.756682356845131687e-02 4.319372653961181641e+00 7.876999887599975270e-02 -2.581625738772352907e-02 9.965584820428582402e-01 -2.850764989852905273e-01
8.928427765347789480e-01 4.478810905947517851e-01 -4.726843637484152288e-02 -8.005266189575195312e-01 -4.465824372193940572e-01 8.940277016848405811e-01 3.575745219262284336e-02 4.254272460937500000e+00 5.827437821935730483e-02 -1.081652937764440887e-02 9.982420044935845782e-01 -2.923122644424438477e-01
9.048030780307785292e-01 4.235351706310133135e-01 -4.415143513621146848e-02 -3.232739567756652832e-01 -4.221609591804176276e-01 9.057538905832520637e-01 3.728289469947475981e-02 4.348495006561279297e+00 5.578095131761778153e-02 -1.509466567568713141e-02 9.983289220183099166e-01 -2.918585240840911865e-01
9.271784132473085416e-01 3.717203313039491031e-01 -4.652080506058930975e-02 -7.055110335350036621e-01 -3.703870291686025551e-01 9.282213886741594866e-01 3.490705131447693205e-02 4.040752887725830078e+00 5.615726695504140442e-02 -1.513436166797572403e-02 9.983072234863589189e-01 -2.797579467296600342e-01
9.317524091623170523e-01 3.596893458137959132e-01 -4.960869407938078152e-02 -1.001887083053588867e+00 -3.583300332632772256e-01 9.329640929141445049e-01 3.431601075920870381e-02 4.113156318664550781e+00 5.862623373334373972e-02 -1.419774069812044202e-02 9.981790364845939401e-01 -2.674019038677215576e-01
9.284515232348021785e-01 3.644157879700041236e-01 -7.196459185722239860e-02 -1.028384685516357422e+00 -3.608700893797471276e-01 9.308253891069605546e-01 5.776567826078793377e-02 3.996277093887329102e+00 8.803719437844942375e-02 -2.766276327622718342e-02 9.957330083581112934e-01 -2.720537483692169189e-01
9.336293526428763867e-01 3.474616084981674291e-01 -8.721618257817596864e-02 -1.177516341209411621e+00 -3.450718972062086776e-01 9.376533388069075992e-01 4.161252194672000748e-02 3.982283353805541992e+00 9.623729860169218109e-02 -8.754818337619426488e-03 9.953199161645083226e-01 -2.471374869346618652e-01
9.251865371745358058e-01 3.704287064347314140e-01 -8.253753618859041574e-02 -5.708015561103820801e-01 -3.688897678360225085e-01 9.288605834382018811e-01 3.373952757121319312e-02 4.048809528350830078e+00 8.916395357360926144e-02 -7.681041171490807229e-04 9.960166662256152437e-01 -2.747070193290710449e-01
9.316185644884241723e-01 3.595887091690497250e-01 -5.275235102499530038e-02 -1.266585230827331543e+00 -3.582754944010948517e-01 9.330373518703940494e-01 3.286289893380431315e-02 4.007422447204589844e+00 6.103704131245871189e-02 -1.171581208533863973e-02 9.980667409221700703e-01 -2.737677097320556641e-01
9.246150905665162512e-01 3.781007924172028467e-01 -4.611642950355412940e-02 -5.599125623703002930e-01 -3.767668338254729354e-01 9.256407972355462643e-01 3.515490609105401815e-02 4.259615898132324219e+00 5.597934642170658559e-02 -1.512961554784756496e-02 9.983172879939388178e-01 -2.806340456008911133e-01
9.273605003393528001e-01 3.707593512161820315e-01 -5.039847116829042351e-02 -8.827650547027587891e-02 -3.691770722944712202e-01 9.285787250457424591e-01 3.807677355693510346e-02 4.032460212707519531e+00 6.091626796208046701e-02 -1.670493574304079618e-02 9.980030828706858426e-01 -2.482958436012268066e-01
9.465723704979950304e-01 3.107139791056676148e-01 -8.635722666997279473e-02 -9.732650518417358398e-01 -3.106559662658293086e-01 9.504125348508288829e-01 1.445282746959418267e-02 3.705425739288330078e+00 8.656568623450174027e-02 1.314674053690534535e-02 9.961593974761293602e-01 -2.594522535800933838e-01
9.591384874002218952e-01 2.634045957936765880e-01 -1.033023760732751928e-01 -1.297307252883911133e+00 -2.676364064902125861e-01 9.630758485482832087e-01 -2.925173266680098499e-02 3.459553480148315430e+00 9.178298267445997305e-02 5.570393933802304104e-02 9.942197720995120669e-01 -2.206750810146331787e-01
9.622634055876788661e-01 2.570301912384329035e-01 -8.935669565699533301e-02 -1.358991861343383789e+00 -2.607149551788653929e-01 9.648802418390299840e-01 -3.215324330044092710e-02 3.405564785003662109e+00 7.795415584101006434e-02 5.423651630211655944e-02 9.954805622846313318e-01 -2.782995700836181641e-01
9.671086451272045137e-01 2.472462472295829661e-01 -5.975083054745564115e-02 -1.521015167236328125e+00 -2.484596853290263752e-01 9.685454202077369290e-01 -1.369502686450388938e-02 3.346950769424438477e+00 5.448534928238979447e-02 2.809025143187982715e-02 9.981193738667082371e-01 -2.511327564716339111e-01
9.623664287048429022e-01 2.634748097432219605e-01 -6.657237815084877941e-02 -8.274937272071838379e-01 -2.638910832778937343e-01 9.645489263414438463e-01 2.620087782455924816e-03 3.606492996215820312e+00 6.490264299939089987e-02 1.504637246451776857e-02 9.977781585138816300e-01 -2.015671283006668091e-01
9.580616134298762798e-01 2.771702892386672112e-01 -7.276383466733973848e-02 -7.235942482948303223e-01 -2.769071705371355940e-01 9.607963976017472874e-01 1.388168796014794051e-02 3.577608108520507812e+00 7.375882169110428710e-02 6.849315210935558000e-03 9.972525874139817059e-01 -1.830551922321319580e-01
9.459767688238809313e-01 3.154803727332990970e-01 -7.483373080094692098e-02 -1.062801837921142578e+00 -3.154565935625343043e-01 9.488583505079034586e-01 1.244862439559824355e-02 3.273064613342285156e+00 7.493390703447914969e-02 1.183068431999224901e-02 9.971183202033090387e-01 -2.644411623477935791e-01
9.395783125665549962e-01 3.320239255075810303e-01 -8.338289659829199729e-02 -1.077933788299560547e+00 -3.327111165967061024e-01 9.430102024522976079e-01 5.922074286074335489e-03 3.241755485534667969e+00 8.059719255382423453e-02 2.217816406768190890e-02 9.964999857456240395e-01 -1.902561038732528687e-01
9.260463175833504312e-01 3.686263269128692843e-01 -8.094966829482903858e-02 -1.095722675323486328e+00 -3.694079687966727588e-01 9.292501576794159890e-01 5.647746656584209241e-03 3.169935703277587891e+00 7.730440013241739183e-02 2.467337754558373425e-02 9.967021893026323243e-01 -2.080461978912353516e-01
9.125331101950528989e-01 4.033915780738497880e-01 -6.751709070178144034e-02 -1.249173402786254883e+00 -4.044607417932274962e-01 9.145522466747646462e-01 -2.386723740301943328e-03 3.034401893615722656e+00 6.078512273423136020e-02 2.948597702687724698e-02 9.977152629948862206e-01 -2.016402781009674072e-01
8.900408417181276954e-01 4.519382019117788030e-01 -5.982609569773991026e-02 -5.817438960075378418e-01 -4.529938322403597173e-01 8.915014115099596514e-01 -4.671319721717324958e-03 3.181273221969604492e+00 5.122390092407710233e-02 3.125851769514947226e-02 9.981978847130574817e-01 -1.707912981510162354e-01
8.872851078451404749e-01 4.547197499545279631e-01 -7.716920627769255359e-02 -4.119316339492797852e-01 -4.555520905459840564e-01 8.901777472089729137e-01 7.474702210889744639e-03 3.255883932113647461e+00 7.209320491850121360e-02 2.852240128827750881e-02 9.969899911379900281e-01 -1.550618559122085571e-01
8.875316498763624606e-01 4.478916308482807085e-01 -1.080770904669879073e-01 -4.006742238998413086e-01 -4.464323570155024901e-01 8.939798563664441700e-01 3.870616256637643415e-02 3.115333080291748047e+00 1.139549080879140586e-01 1.389616591363633004e-02 9.933887333242590323e-01 -1.614986658096313477e-01
8.957555540735850919e-01 4.304533228538680589e-01 -1.110491971622853125e-01 -5.370139479637145996e-01 -4.288517931932552818e-01 9.025256559058606465e-01 3.916094874521498792e-02 3.001092195510864258e+00 1.170817100201985983e-01 1.254500999440007203e-02 9.930430483634565819e-01 -1.809054911136627197e-01
9.104602949272208035e-01 4.000464180945241810e-01 -1.049995939553061142e-01 -9.849824309349060059e-01 -3.982304483862494915e-01 9.164709145141974878e-01 3.864676995037465146e-02 2.903954982757568359e+00 1.116895757854092786e-01 6.627685814193120389e-03 9.937210435739114445e-01 -8.611175417900085449e-02
9.001716791760397962e-01 4.238274846471883350e-01 -1.003055894106914259e-01 1.697660684585571289e-01 -4.172566077043321497e-01 9.052302810816350576e-01 8.034339761260521351e-02 3.143598318099975586e+00 1.248513970144586593e-01 -3.046968116835839513e-02 9.917074806579996293e-01 -1.188877373933792114e-01
9.054413439218083060e-01 4.111426048340422468e-01 -1.055354500030590004e-01 1.405394077301025391e-01 -4.036789317361250684e-01 9.109114095015937718e-01 8.534473687463477176e-02 3.020370721817016602e+00 1.312223029421847320e-01 -3.467221553489634178e-02 9.907464583234457667e-01 -1.357985734939575195e-01
9.059353864643195919e-01 4.014819972570519147e-01 -1.345112687853043665e-01 3.909134864807128906e-02 -3.902666834629664461e-01 9.149762622407727752e-01 1.025200239695703702e-01 2.893644809722900391e+00 1.642345619245856592e-01 -4.038125077796765605e-02 9.855944212783706027e-01 -1.174453496932983398e-01
9.005333000531339227e-01 4.113148459376330668e-01 -1.409250616700709058e-01 -2.381622791290283203e-03 -3.990742766755543403e-01 9.105875343186896620e-01 1.075642321559179687e-01 2.859605312347412109e+00 1.725673700074703554e-01 -4.062560589960879931e-02 9.841595718957339978e-01 -1.345429122447967529e-01
8.979230523025619748e-01 4.150351752888677970e-01 -1.465605520479141277e-01 1.836359500885009766e-01 -4.024188325398200261e-01 9.089877779219135423e-01 1.086291986800527465e-01 2.830868005752563477e+00 1.783066890527073567e-01 -3.856193539646127905e-02 9.832190507600736540e-01 -1.165494099259376526e-01
9.078507071728152411e-01 3.924049639290473346e-01 -1.477343486453382704e-01 2.755838632583618164e-02 -3.822416124873002641e-01 9.193663165710942442e-01 9.304260119755408676e-02 2.647651195526123047e+00 1.723323625118854119e-01 -2.799857564844258906e-02 9.846408668101941375e-01 -9.672965109348297119e-02
9.176702861415440005e-01 3.774610982602756848e-01 -1.241143232388725592e-01 4.202908277511596680e-02 -3.713615910230858019e-01 9.258481952582821028e-01 6.996919357677561235e-02 2.725343704223632812e+00 1.413216708282887812e-01 -1.811735734395148248e-02 9.897979322655571233e-01 -8.130572736263275146e-02
9.314877921246085268e-01 3.462180162471423794e-01 -1.116403974765202423e-01 -9.915900230407714844e-02 -3.395841498720855722e-01 9.376288919657929100e-01 7.439533659210287309e-02 2.566376209259033203e+00 1.304342680374866725e-01 -3.138703835809916048e-02 9.909600171271453206e-01 -1.335411965847015381e-01
9.499844912896212579e-01 2.866468910395805758e-01 -1.239476751155190598e-01 4.047983884811401367e-02 -2.828023058599724027e-01 9.579787285481545789e-01 4.795426414349011901e-02 2.446172237396240234e+00 1.324851769424869874e-01 -1.050311889887009173e-02 9.911293368596825193e-01 -1.857883185148239136e-01
9.591019874383799326e-01 2.423031795961011481e-01 -1.463302663476334364e-01 -9.777164459228515625e-02 -2.397329999751016683e-01 9.701997129995177938e-01 3.522223187975620506e-02 2.404978513717651367e+00 1.505040411905530229e-01 1.298481140784169680e-03 9.886085410980623989e-01 -1.835432946681976318e-01
9.718085197155584831e-01 1.939556560930244256e-01 -1.340500073770210243e-01 -9.085813164710998535e-02 -1.953999289046466636e-01 9.807206481448877966e-01 2.424476506396234035e-03 2.294030666351318359e+00 1.319358510500992787e-01 2.383723498637119881e-02 9.909716027393976612e-01 -9.939283132553100586e-02
9.851575702291317516e-01 1.322474136575305936e-01 -1.094311811191278905e-01 -6.499195098876953125e-01 -1.331179950393956701e-01 9.910999793177913686e-01 -6.560434168806014710e-04 2.177322387695312500e+00 1.083704812987596189e-01 1.521356556391018425e-02 9.939941580340941885e-01 -5.187912285327911377e-02
9.852062885919644630e-01 1.357502584405422541e-01 -1.045965403451409870e-01 1.200245618820190430e-01 -1.327529378746048760e-01 9.905261660129252022e-01 3.513647576801242484e-02 2.392759084701538086e+00 1.083753957524862810e-01 -2.073117886326791837e-02 9.938938533960409716e-01 -6.088245660066604614e-02
9.863809395719301820e-01 1.272204393986146320e-01 -1.042477906164913232e-01 6.299948692321777344e-02 -1.201586810602414956e-01 9.901799126644678095e-01 7.145370474405236816e-02 2.248171329498291016e+00 1.123144399222983231e-01 -5.795429539741182856e-02 9.919812328012713731e-01 -6.987807154655456543e-02
9.847823193818496801e-01 1.378072267068977119e-01 -1.058912257944836788e-01 1.955772638320922852e-01 -1.286754640326757682e-01 9.877089517872987834e-01 8.873359857016444030e-02 2.281706333160400391e+00 1.168178427676191677e-01 -7.375767639093047667e-02 9.904107212588777465e-01 -9.340411424636840820e-02
9.792640689425540224e-01 1.489024379730834458e-01 -1.373679265467188659e-01 3.555899262428283691e-01 -1.345723497892216125e-01 9.849639345493131914e-01 1.083343450127588481e-01 2.201225519180297852e+00 1.514337015009541987e-01 -8.760200684235555646e-02 9.845779412758096649e-01 -1.269808560609817505e-01
9.806071712571993171e-01 1.407072142974425677e-01 -1.364223424648886018e-01 5.434811115264892578e-01 -1.314119060161398067e-01 9.884907642566848063e-01 7.494611355127403507e-02 2.289802551269531250e+00 1.453976844250244871e-01 -5.556517635973810126e-02 9.878117353726630911e-01 -6.132292002439498901e-02
9.828261151874291279e-01 1.373776273654339075e-01 -1.232080143701303476e-01 4.352219402790069580e-01 -1.311912422620376550e-01 9.897153260724222967e-01 5.703009110199785958e-02 2.234370708465576172e+00 1.297755187210962724e-01 -3.988685042470534181e-02 9.907408106583011076e-01 -5.977686122059822083e-02
9.885669788827267102e-01 1.051521986789316909e-01 -1.080663841148807036e-01 8.347632735967636108e-02 -1.005191501050011482e-01 9.938017695628910131e-01 4.747571248369577418e-02 2.093849182128906250e+00 1.123887393151409564e-01 -3.607018057416368911e-02 9.930094225879734227e-01 -7.759395241737365723e-02
9.932390287624717207e-01 3.438829452530585418e-02 -1.108768548553878686e-01 -7.305757403373718262e-01 -2.943377325381538179e-02 9.985069470170487849e-01 4.601662472124053160e-02 1.741940736770629883e+00 1.122937430804802628e-01 -4.244198344014241120e-02 9.927682475314375532e-01 -1.418726742267608643e-01
9.943638694649529208e-01 -3.861820853985113711e-02 -9.873767807609516722e-02 -1.242999672889709473e+00 3.949430237905410257e-02 9.991957427169296801e-01 6.933095697811761729e-03 1.494434952735900879e+00 9.839052384390419015e-02 -1.079359557958992598e-02 9.950893442863240068e-01 -1.245179921388626099e-01
9.948669851513978202e-01 -7.174634908417694412e-02 -7.135925482276046783e-02 -9.296277761459350586e-01 7.051135730778214372e-02 9.973168045206446397e-01 -1.968095300905337020e-02 1.555547952651977539e+00 7.257982051770668630e-02 1.454829247099852230e-02 9.972564950100830661e-01 -8.221282064914703369e-02
9.943315877986389495e-01 -1.001581817939160984e-01 -3.567957574824005135e-02 -5.584215521812438965e-01 9.899324417116651953e-02 9.945391843725019942e-01 -3.304766793808903286e-02 1.812470316886901855e+00 3.879473049661965461e-02 2.932830317995308370e-02 9.988167096711384474e-01 -2.551032602787017822e-02
9.913740162253992239e-01 -1.238939796009309730e-01 -4.275326621167076235e-02 -2.708614766597747803e-01 1.240690512320205136e-01 9.922725185252799784e-01 1.455852287854996017e-03 1.768230795860290527e+00 4.224251980538283602e-02 -6.747651305593736423e-03 9.990846003829455535e-01 -7.756862044334411621e-02
9.848710748500520973e-01 -1.647852424826679596e-01 -5.361706616023925731e-02 -1.901192665100097656e-01 1.652025633377488534e-01 9.862537416704144633e-01 3.416153940375415456e-03 1.907867908477783203e+00 5.231710036250325491e-02 -1.222214797143197224e-02 9.985557270921959772e-01 -1.177434697747230530e-01
9.792460987497175751e-01 -1.942019057755503264e-01 -5.798877371183866480e-02 -3.784951269626617432e-01 1.944222935269777908e-01 9.809161382272841845e-01 -1.871241561436216578e-03 1.901554346084594727e+00 5.724552264734997231e-02 -9.441904385017848428e-03 9.983154814878991701e-01 -1.010492444038391113e-01
9.831075554270430894e-01 -1.632862160544725494e-01 -8.268703712720361365e-02 -5.106520652770996094e-02 1.655785518172799009e-01 9.859595317577681817e-01 2.162278691785740961e-02 1.834810376167297363e+00 7.799536935200578058e-02 -3.494872504991868023e-02 9.963409602023944878e-01 -1.201076060533523560e-01
9.820344953929486254e-01 -1.657691998980342363e-01 -9.015998127485481961e-02 -6.312483549118041992e-02 1.678429433769719759e-01 9.856859365106835913e-01 1.587390700524109188e-02 1.851901292800903320e+00 8.623802071517634726e-02 -3.072144088779084348e-02 9.958007817093269542e-01 -8.354672789573669434e-02
9.817876510691332381e-01 -1.647435793875687282e-01 -9.461797534678914601e-02 -6.220340728759765625e-02 1.665528173863420336e-01 9.859654815884348888e-01 1.149904938494560394e-02 1.764859199523925781e+00 9.139566307448926397e-02 -2.704851505457289348e-02 9.954472414972663774e-01 -6.186623126268386841e-02
9.831261068761797395e-01 -1.522058247760542105e-01 -1.014713993336417014e-01 4.328565001487731934e-01 1.527825970110343046e-01 9.882575728706636253e-01 -2.108960490106438074e-03 1.991628527641296387e+00 1.006008748920713819e-01 -1.342968979634348407e-02 9.948362213967301138e-01 -7.772940397262573242e-02
9.783461763620955320e-01 -1.806980274918974783e-01 -1.009305803916974165e-01 5.137868523597717285e-01 1.807717802907413407e-01 9.834884140149851017e-01 -8.491345523832226697e-03 1.893229126930236816e+00 1.007984258219510876e-01 -9.937925277774277769e-03 9.948572334727179278e-01 -1.470567286014556885e-01
9.687853815341391783e-01 -2.201046938168303990e-01 -1.140561628565142649e-01 3.103510737419128418e-01 2.121228519282141733e-01 9.741181202213238244e-01 -7.808830607917884026e-02 1.435077428817749023e+00 1.282917776616774308e-01 5.145689085315925670e-02 9.904006301331460538e-01 -9.861730039119720459e-02
9.638819480474041246e-01 -2.376274913673117883e-01 -1.202695538148353255e-01 4.234138131141662598e-02 2.236957417453825092e-01 9.674126287486021214e-01 -1.186297638145775296e-01 8.677527904510498047e-01 1.445399783911860692e-01 8.744130079200264360e-02 9.856278271043680261e-01 -6.555735319852828979e-02
9.647346763613477982e-01 -2.494400677543249512e-01 -8.406340954709887181e-02 7.499022781848907471e-02 2.360567383153440446e-01 9.611615669838161624e-01 -1.429883157783750081e-01 5.700799226760864258e-01 1.164655336221264992e-01 1.181020522765496988e-01 9.861479020543421070e-01 -1.192472130060195923e-02
9.583245260621557904e-01 -2.754259785662233617e-01 -7.585929790462697664e-02 9.145630598068237305e-01 2.662802213635481752e-01 9.573617156822896712e-01 -1.120419075901631922e-01 9.917445182800292969e-01 1.034840396308746580e-01 8.717267735191558398e-02 9.908037029931683337e-01 -2.624995261430740356e-02
9.399165530832352955e-01 -3.301769634403571851e-01 -8.683343856737889277e-02 3.883641064167022705e-01 3.213077325730154810e-01 9.414736893210264856e-01 -1.019246452289287869e-01 1.006191611289978027e+00 1.154045676258843162e-01 6.790040596020362196e-02 9.909951163560405396e-01 -4.254945367574691772e-02
9.361429613395039206e-01 -3.356640589793528084e-01 -1.047186489791081948e-01 6.504669189453125000e-01 3.267765782873981451e-01 9.404799036208409957e-01 -9.335212246175141060e-02 1.037670969963073730e+00 1.298207372390254299e-01 5.317133057239988025e-02 9.901107947032374845e-01 -1.012301892042160034e-01
9.340764918656481175e-01 -3.352975879663792624e-01 -1.227869490128813135e-01 6.291698217391967773e-01 3.221028454205315250e-01 9.396281689621426292e-01 -1.155364057985541620e-01 1.132622599601745605e+00 1.541131542599816495e-01 6.836981495352460747e-02 9.856848908689124222e-01 -3.306107968091964722e-02
9.353603884904180266e-01 -3.257480017462162647e-01 -1.378012445567937672e-01 6.967085599899291992e-01 3.120479960669403918e-01 9.434327552676422535e-01 -1.120744593505222098e-01 1.061098814010620117e+00 1.665142390117462790e-01 6.182940761848015193e-02 9.840986396494443289e-01 -6.244073808193206787e-02
9.341792365288122957e-01 -3.337407245008395251e-01 -1.261993773681159836e-01 5.886802673339843750e-01 3.134497819728224166e-01 9.366018387651148247e-01 -1.566085240432200099e-01 1.044402241706848145e+00 1.704652111711814633e-01 1.067432641034575247e-01 9.795649479993167041e-01 -1.115075126290321350e-02
