9.999982139910441603e-01 -1.281112018133019983e-04 -1.885630462682489879e-03 -6.331375241279602051e-02 1.279461130939429404e-04 9.999999879717667017e-01 -8.767130918978459613e-05 -9.051914094015955925e-05 1.885641671678471706e-03 8.742989351960944982e-05 9.999982183541626934e-01 -2.018599957227706909e-02
9.999956314657695300e-01 -4.185356587191302303e-04 -2.926068570507290266e-03 -9.708088636398315430e-02 4.179533657094112553e-04 9.999998927353138667e-01 -1.996104825070991573e-04 1.445889647584408522e-04 2.926151800748247322e-03 1.983866502945335209e-04 9.999956991299392417e-01 -2.498697489500045776e-02
9.999898184393570810e-01 -6.578750274286943381e-04 -4.464327280783017202e-03 -9.292647987604141235e-02 6.567289711076769974e-04 9.999997510262543798e-01 -2.581753040853994124e-04 1.068587647750973701e-03 4.464496016367988651e-03 2.552408223960878097e-04 9.999900015137362930e-01 -2.367821708321571350e-02
9.999887969962414358e-01 -7.192695743641351657e-04 -4.678518279248680169e-03 -6.401421129703521729e-02 7.173579014943025573e-04 9.999996585373125413e-01 -4.102717387877083941e-04 2.014997182413935661e-03 4.678811777688187019e-03 4.069109704569721258e-04 9.999889715110917843e-01 -5.761262774467468262e-02
9.999871395670791863e-01 -7.187919033232672986e-04 -5.020362402326371438e-03 -4.868613183498382568e-02 7.153509679684062891e-04 9.999995080434159744e-01 -6.871578557737990272e-04 2.483267337083816528e-03 5.020853856029068411e-03 6.835576975222323578e-04 9.999871618053056688e-01 -8.440691232681274414e-02
9.999638516880307026e-01 -1.915304840889473989e-04 -8.500507826698904673e-03 -7.407295703887939453e-02 1.870073625529173689e-04 9.999998405272704227e-01 -5.328918089335139959e-04 -3.679362707771360874e-04 8.500608536125851822e-03 5.312828882451274071e-04 9.999637280386765026e-01 -1.203041970729827881e-01
9.999685702831806466e-01 -3.506165420580541420e-04 -7.920575348552293810e-03 -6.484159827232360840e-02 3.451257043045727248e-04 9.999996992140713914e-01 -6.945934170196590074e-04 1.226045715156942606e-04 7.920816502096694744e-03 6.918379919995909207e-04 9.999683905134866269e-01 -1.229882985353469849e-01
9.999501116349452934e-01 -1.059982130549152871e-04 -9.988143252835901195e-03 -3.498034551739692688e-02 1.006923268162400768e-04 9.999998535675143074e-01 -5.317198560547182649e-04 1.449800562113523483e-03 9.988198151601844141e-03 5.306876000357305849e-04 9.999499758829716312e-01 -2.141004204750061035e-01
9.998789086301518303e-01 5.515882353750593868e-04 -1.555197180408383201e-02 -4.813326522707939148e-02 -5.541543586773458067e-04 9.999998335451451004e-01 -1.606942089343533424e-04 2.432371024042367935e-03 1.555188057834748158e-02 1.692929432137270439e-04 9.998790478604780985e-01 -1.606545448303222656e-01
9.991695738681356520e-01 1.852086628874397836e-03 -4.070297816238301059e-02 -1.723591797053813934e-02 -1.733796451710637116e-03 9.999941713710691626e-01 2.941287771161914168e-03 4.322136193513870239e-02 4.070818843957955957e-02 -2.868274569823413365e-03 9.991669612206759421e-01 -5.923715978860855103e-02
9.986730799969831818e-01 -8.768182378977482875e-04 -5.149087763008924901e-02 1.210986077785491943e-01 7.865551371352369567e-04 9.999981184921852284e-01 -1.773229569381620276e-03 4.946260154247283936e-02 5.149233554962701076e-02 1.730376221280518264e-03 9.986718906516681704e-01 1.050444543361663818e-01
9.977273480531118066e-01 -2.900103319632469593e-03 -6.731811307248730669e-02 3.770654201507568359e-01 2.434608474567452174e-03 9.999725649147118700e-01 -6.995863025239932274e-03 5.776830017566680908e-02 6.733655491989692932e-02 6.816070614937289919e-03 9.977070359343427342e-01 7.853657007217407227e-02
9.963597647910912292e-01 1.174883335609886066e-02 -8.443449544002810947e-02 6.648754477500915527e-01 -1.233433516465738504e-02 9.999033444485504463e-01 -6.416068628791219211e-03 3.412029892206192017e-02 8.435095305618901806e-02 7.434155996081959553e-03 9.964083751369909869e-01 3.117163479328155518e-02
9.978490607147979530e-01 5.790574560864650278e-02 3.072745769018626547e-02 8.765926957130432129e-01 -5.703550834283539761e-02 9.979658422444925847e-01 -2.848031778816522558e-02 -6.130836158990859985e-02 -3.231412723051365482e-02 2.666650218433688074e-02 9.991219619458792112e-01 -3.296081349253654480e-02
9.977922726426238231e-01 6.640889656991171008e-02 6.626545363851420742e-04 1.143353700637817383e+00 -6.636277980172493318e-02 9.973849686510324331e-01 -2.862177083911241274e-02 -7.595690339803695679e-02 -2.561661893301290377e-03 2.851460617553161145e-02 9.995900935498504003e-01 -7.835646718740463257e-02
9.966244221205510234e-01 7.421202359512503455e-02 -3.510465477389469041e-02 1.373628973960876465e+00 -7.535108117767004565e-02 9.966331655140122647e-01 -3.231946724306836161e-02 -1.093427315354347229e-01 3.258797014595878755e-02 3.485554405594890048e-02 9.988609088608533249e-01 -2.136987596750259399e-01
9.937663616485347129e-01 8.113884066084697810e-02 -7.645199141976261048e-02 1.554520368576049805e+00 -8.402270022972213592e-02 9.958388674620713976e-01 -3.528648321900722251e-02 -1.470953822135925293e-01 7.327076021128772765e-02 4.149022280095288062e-02 9.964486725918135779e-01 -1.489211022853851318e-01
9.706078528710222475e-01 6.504748883644424773e-02 -2.317093440955213801e-01 1.646496057510375977e+00 -7.261607087279463302e-02 9.970644599958411458e-01 -2.427692040187828804e-02 -1.002001389861106873e-01 2.294499993377671354e-01 4.038919173831694021e-02 9.724820877500131022e-01 -1.075215041637420654e-01
9.613647392103178424e-01 7.455222238305909965e-02 -2.649901966881500481e-01 1.648503899574279785e+00 -8.333793842329721702e-02 9.962773276066736461e-01 -2.205163296128610090e-02 -8.517351001501083374e-02 2.623597267539975464e-01 4.328339906536293052e-02 9.639989217540215760e-01 -3.585705161094665527e-02
9.517504906621938598e-01 8.478609969936347357e-02 -2.949276535390380483e-01 1.610750198364257812e+00 -9.476985123479260420e-02 9.953043209634263588e-01 -1.969730866053124446e-02 -6.900425255298614502e-02 2.918727099631079902e-01 4.669717303330637309e-02 9.553165418904295825e-01 5.965736508369445801e-02
9.427917566006257521e-01 9.819182346846416776e-02 -3.185938943072266216e-01 1.517058253288269043e+00 -1.089300773636688591e-01 9.939203351220681215e-01 -1.601891620493870599e-02 -7.500523328781127930e-02 3.150840236055320043e-01 4.980695970217111773e-02 9.477559415977168111e-01 1.865794062614440918e-01
9.387989610302476251e-01 1.065275781555984069e-01 -3.275795870637094875e-01 1.238626122474670410e+00 -1.181007894872826425e-01 9.928793736530466818e-01 -1.558052941379948694e-02 -7.465668767690658569e-02 3.235872591605054582e-01 5.331439267811829974e-02 9.446951154961876762e-01 2.310971468687057495e-01
9.350683302122804186e-01 1.144515214281644627e-01 -3.354818431402750711e-01 7.761226892471313477e-01 -1.212639601616469637e-01 9.926200856239991710e-01 6.462056322112559592e-04 -6.883459538221359253e-02 3.330799750809588788e-01 4.007761044003266271e-02 9.420464507345084337e-01 1.294139623641967773e-01
9.328686985566410073e-01 1.220479397240616382e-01 -3.389104478506833051e-01 2.771492004394531250e-01 -1.215098097654002118e-01 9.923261951954275295e-01 2.289297839387746669e-02 -4.219400882720947266e-02 3.391037560747671153e-01 1.982480108546134240e-02 9.405400681937515772e-01 8.699283003807067871e-03
9.322709084852524031e-01 1.132967782543784219e-01 -3.435619205168995438e-01 -2.267649173736572266e-01 -1.104482557258446851e-01 9.934896981513542391e-01 2.791778061109899400e-02 -2.417922765016555786e-02 3.444882233098841007e-01 1.191888016171161607e-02 9.387149750038561447e-01 -1.168351024389266968e-01
9.639857744308859555e-01 8.995523787173394237e-02 -2.502788082805349479e-01 -9.197555184364318848e-01 -9.151179154574011487e-02 9.957891581905262690e-01 5.435479582512481832e-03 2.991575747728347778e-04 2.497138736693938765e-01 1.766373713693300193e-02 9.681585478047400883e-01 -3.683239817619323730e-01
9.660085727066420880e-01 9.735563657577632479e-02 -2.394771752885891392e-01 -1.524897336959838867e+00 -9.869556287595003530e-02 9.950969623000173181e-01 6.420396395654316690e-03 6.520055234432220459e-02 2.389280714480315759e-01 1.743317665267296243e-02 9.708807656071475334e-01 -5.565786361694335938e-01
9.688505447146504856e-01 1.089264325115766041e-01 -2.224042587416568684e-01 -2.047147750854492188e+00 -1.116778197286273089e-01 9.937444449902899102e-01 2.064742133251959433e-04 8.017604798078536987e-02 2.210354871661677767e-01 2.463758006058008529e-02 9.749545133297108368e-01 -1.025580763816833496e+00
9.731090717596400097e-01 1.214226734256067947e-01 -1.957428640775192852e-01 -2.664597749710083008e+00 -1.251648575437402933e-01 9.921125472189310512e-01 -6.815576778202155767e-03 1.234212443232536316e-01 1.933713859265298596e-01 3.113242728960928171e-02 9.806315715272021505e-01 -1.742054462432861328e+00
9.652075310626824223e-01 1.696923452541905519e-01 -1.989445398647914642e-01 -3.158446311950683594e+00 -1.722815757883095211e-01 9.850381272942472233e-01 4.352748618899577454e-03 1.539141982793807983e-01 1.967065851052729186e-01 3.007317307460187841e-02 9.800010834878944976e-01 -2.589823722839355469e+00
9.706729787397334608e-01 1.818992960996045072e-01 -1.571833783292671816e-01 -3.752910137176513672e+00 -1.839261521711060554e-01 9.829386328872216083e-01 1.677654711529245890e-03 2.096467614173889160e-01 1.548067792186901548e-01 2.728167986522048519e-02 9.875680083172335699e-01 -3.530029296875000000e+00
9.776514739209292149e-01 1.834317369990222935e-01 -1.027151079528044186e-01 -4.462320804595947266e+00 -1.854445886661749421e-01 9.826005268055347797e-01 -1.032033216126125412e-02 2.697232663631439209e-01 9.903484273056598064e-02 2.913764889292019822e-02 9.946572763230182579e-01 -4.639627456665039062e+00
9.813357099912644044e-01 1.869473532884637357e-01 -4.506563429465069992e-02 -5.134909629821777344e+00 -1.878924880249639995e-01 9.820300951631419917e-01 -1.770042761231772899e-02 2.936436533927917480e-01 4.094676104076634682e-02 2.583755585012786210e-02 9.988272040087623482e-01 -5.791818618774414062e+00
9.823021291359392837e-01 1.824764710318698413e-01 -4.224765809788241094e-02 -5.657780647277832031e+00 -1.834895321582879768e-01 9.827874226884211195e-01 -2.145864380112073172e-02 2.420782595872879028e-01 3.760476942268103223e-02 2.883087451337437018e-02 9.988767000943915564e-01 -6.803116321563720703e+00
9.822642411173828636e-01 1.862655019851330307e-01 2.149705543367285560e-02 -6.190153121948242188e+00 -1.857349382568243557e-01 9.822943084832117533e-01 -2.450355550164957930e-02 2.366890013217926025e-01 -2.568060226758027420e-02 2.007621208582873601e-02 9.994685849867714911e-01 -7.783356666564941406e+00
9.776283433925718747e-01 1.899898943804782248e-01 9.025886232825201805e-02 -6.281434535980224609e+00 -1.906702980040298201e-01 9.816535135910883225e-01 -1.103047290652142340e-03 1.840696930885314941e-01 -8.881249717551058243e-02 -1.613131388218859430e-02 9.959177280568330959e-01 -8.599315643310546875e+00
9.691661191443949885e-01 1.813631427650584660e-01 1.668066064308410534e-01 -6.322138786315917969e+00 -1.889442196339294056e-01 9.815101358951490162e-01 3.062572451406926979e-02 2.083137631416320801e-01 -1.581679972988149219e-01 -6.119855865514513271e-02 9.855138867864901009e-01 -9.187015533447265625e+00
9.656017175416476972e-01 1.740333940973190774e-01 1.931986046005179647e-01 -6.292013168334960938e+00 -1.949293512886180746e-01 9.762179043548578905e-01 9.487439709009017064e-02 2.841820120811462402e-01 -1.720926235688752248e-01 -1.292709594455645483e-01 9.765619017539055591e-01 -9.784695625305175781e+00
9.477678823540881536e-01 1.607711657990270326e-01 2.754789890820513731e-01 -6.207897186279296875e+00 -2.006364523449644388e-01 9.719050542104888946e-01 1.230673782548954015e-01 2.838087379932403564e-01 -2.479537359437724575e-01 -1.719104355405117746e-01 9.533969514235911547e-01 -1.024005413055419922e+01
9.249293142631401787e-01 1.440485539071879595e-01 3.517893940043747558e-01 -6.107877731323242188e+00 -2.061931218788383702e-01 9.675682450711837745e-01 1.459317909837610228e-01 2.814638018608093262e-01 -3.193589831311713367e-01 -2.075131447574287136e-01 9.246340544487351432e-01 -1.059524822235107422e+01
8.975815552759683902e-01 1.248175392208500101e-01 4.228095712389032257e-01 -6.094527721405029297e+00 -2.127785887560328104e-01 9.626314560835178558e-01 1.675289584684306332e-01 3.085436820983886719e-01 -3.860992408634918438e-01 -2.403357269766142612e-01 8.905987393564273047e-01 -1.083490943908691406e+01
8.692039315467263716e-01 1.138895199910866518e-01 4.811587083488291783e-01 -5.525545597076416016e+00 -1.903295067812780794e-01 9.751952726183206188e-01 1.129993765968407421e-01 3.302838504314422607e-01 -4.563542530010093468e-01 -1.897982020438526152e-01 8.693201011530860001e-01 -1.060900211334228516e+01
8.327693082139352443e-01 1.097877166972371643e-01 5.426250423259978417e-01 -5.432435035705566406e+00 -1.987530434267339163e-01 9.740870127531298106e-01 1.079431300004535105e-01 2.948438227176666260e-01 -5.167131767484690608e-01 -1.977401042987769197e-01 8.330104105750505417e-01 -1.060886287689208984e+01
7.896786492097733756e-01 1.085738171775603722e-01 6.038371942880972343e-01 -5.365385532379150391e+00 -1.974994682196257179e-01 9.768129703893676519e-01 8.264611867514010113e-02 3.049408495426177979e-01 -5.808627988046682900e-01 -1.845214001209453114e-01 7.928116181428053189e-01 -1.065140438079833984e+01
7.456612097588829480e-01 1.081053290824859070e-01 6.574972228723757750e-01 -5.328272819519042969e+00 -1.938096247058395394e-01 9.792763089392148013e-01 5.878554347600323943e-02 3.387668430805206299e-01 -6.375164230294784184e-01 -1.712633894746768970e-01 7.511602104700063620e-01 -1.057811355590820312e+01
7.036203496186752560e-01 1.060073668774865474e-01 7.026242536165366870e-01 -5.209069252014160156e+00 -1.774153817918193432e-01 9.837012122963109118e-01 2.925247391984370227e-02 2.219166010618209839e-01 -6.880713523364828665e-01 -1.452389861382615277e-01 7.109595283835596913e-01 -1.045350265502929688e+01
6.567808557043041118e-01 1.062451461973236977e-01 7.465593589861636570e-01 -5.216282367706298828e+00 -1.745903114101919062e-01 9.845488803520056065e-01 1.348055485892465932e-02 2.289772629737854004e-01 -7.335919374843309360e-01 -1.391958013272008854e-01 6.651822292807167969e-01 -1.031433105468750000e+01
6.107746409462311288e-01 1.041434582725188074e-01 7.849257787052495994e-01 -5.264973640441894531e+00 -1.689415965907409833e-01 9.856258244472684282e-01 6.863847418038665493e-04 2.355474978685379028e-01 -7.735716352855589450e-01 -1.330258406539217564e-01 6.195894211491539405e-01 -1.023617553710937500e+01
5.622655730027878995e-01 1.013654806162151700e-01 8.207206983836159431e-01 -5.232819557189941406e+00 -1.611602987583982405e-01 9.868615169097003648e-01 -1.147626013948190027e-02 2.236335724592208862e-01 -8.111009699907592019e-01 -1.258148869654499569e-01 5.712143474195310322e-01 -1.023895835876464844e+01
5.128438594427652264e-01 6.937188059799939688e-02 8.556744229051995720e-01 -5.001679897308349609e+00 -1.143804235112754752e-01 9.933647677382291263e-01 -1.198152468408088950e-02 2.104709744453430176e-01 -8.508280052685328609e-01 -9.172775151867015864e-02 5.173758064039122306e-01 -1.033269214630126953e+01
4.517452101510432416e-01 5.992478620568963271e-02 8.901321728281660350e-01 -4.835046291351318359e+00 -9.883217857685971941e-02 9.949618791651710925e-01 -1.682437178212874140e-02 1.626009196043014526e-01 -8.866557762645780327e-01 -8.037337249558444696e-02 4.553917603672079650e-01 -1.068205261230468750e+01
3.856393215483627790e-01 5.163255863233401355e-02 9.212037736379486974e-01 -4.664916038513183594e+00 -8.346815231829743387e-02 9.962912671522187180e-01 -2.089924746960736962e-02 1.269181817770004272e-01 -9.188663565635036834e-01 -6.883160527915196947e-02 3.885187625976473935e-01 -1.092713737487792969e+01
3.181918398388532965e-01 4.742865013655282735e-02 9.468392029305664481e-01 -4.449030876159667969e+00 -7.288964807183258288e-02 9.970153210156623702e-01 -2.544698143198733872e-02 9.961533546447753906e-02 -9.452201078394016909e-01 -6.091775444203424705e-02 3.206991969584739310e-01 -1.107558536529541016e+01
2.455576664691704603e-01 4.560366914451146475e-02 9.683086996401373270e-01 -4.422497272491455078e+00 -1.028689493676086530e-01 9.944784818758483080e-01 -2.074917689722693970e-02 1.530429124832153320e-01 -9.639084042035426236e-01 -9.451377913545719323e-02 2.488930168954405220e-01 -1.117183017730712891e+01
1.904143648552953372e-01 2.437367241330782447e-02 9.814011889894179719e-01 -4.369941711425781250e+00 -9.744934778306746370e-02 9.952235295534724857e-01 -5.809547295890025997e-03 1.362657248973846436e-01 -9.768551552166827578e-01 -9.453068452210200423e-02 1.918800547487247155e-01 -1.136360359191894531e+01
1.356960619791133804e-01 1.405004700034594156e-03 9.907495166413928800e-01 -4.322601795196533203e+00 -9.571687791453828420e-02 9.953398577060763586e-01 1.169815985277403159e-02 1.540274620056152344e-01 -9.861160469466330181e-01 -9.641884475267561982e-02 1.351981816849081586e-01 -1.125087833404541016e+01
8.755135076363770863e-02 -1.439854048413434506e-02 9.960559437157077145e-01 -4.374765872955322266e+00 -9.393433476168119856e-02 9.953208351117842634e-01 2.264455663643528266e-02 1.443291008472442627e-01 -9.917212822826495522e-01 -9.554641397931717961e-02 8.578916623531229746e-02 -1.100509548187255859e+01
6.672177029122101921e-02 -2.508105986135986121e-02 9.974563377940092179e-01 -4.190842628479003906e+00 -8.584054486580199039e-02 9.958332449364708516e-01 3.078228608211423453e-02 1.533749550580978394e-01 -9.940722339077517899e-01 -8.767604413709466360e-02 6.429078517270148119e-02 -1.099748611450195312e+01
4.587060889573288738e-03 -8.287664911218205199e-03 9.999551357349559799e-01 -4.036089897155761719e+00 -5.546647850175078637e-02 9.984241177160807501e-01 8.529415307076290004e-03 1.110887676477432251e-01 -9.984500130877907997e-01 -5.550311498632425067e-02 4.120144633954381241e-03 -1.100272369384765625e+01
-5.502775114208775104e-02 1.536566213643569302e-02 9.983665874974750887e-01 -3.881694316864013672e+00 -3.330234448626775284e-02 9.992970425471433549e-01 -1.721553392290453566e-02 9.397705644369125366e-02 -9.979293063418684939e-01 -3.419528013690824320e-02 -5.447735640058126716e-02 -1.101411151885986328e+01
-1.063164343960596447e-01 3.968810553924866091e-02 9.935399690279269613e-01 -3.842096090316772461e+00 -1.046275378270006794e-02 9.991031357139906754e-01 -4.102992797646157208e-02 7.704101502895355225e-02 -9.942772986247805367e-01 -1.475731971519517703e-02 -1.058058361066750441e-01 -1.106117725372314453e+01
-1.850931967997381800e-01 7.623895943572370215e-02 9.797592201978055915e-01 -3.910978078842163086e+00 8.181422139888504252e-03 9.970711672865336661e-01 -7.604046092468147444e-02 1.134446263313293457e-01 -9.826869149582806440e-01 -6.058748222788616633e-03 -1.851748329005605820e-01 -1.105854988098144531e+01
-2.352896886201877313e-01 9.479945930681216160e-02 9.672909722230181861e-01 -3.874959707260131836e+00 2.864901719752582093e-02 9.954758406264160309e-01 -9.059296077922503188e-02 1.018131971359252930e-01 -9.715029574029260262e-01 6.396346165304003795e-03 -2.369411119099060770e-01 -1.098210906982421875e+01
-2.818204260806700945e-01 1.124908366936188397e-01 9.528499667333150125e-01 -3.918248891830444336e+00 4.913015007501216752e-02 9.934923416882276426e-01 -1.027579454857327212e-01 9.796945750713348389e-02 -9.582084719920382909e-01 1.785437388461466601e-02 -2.855131267312801535e-01 -1.087565135955810547e+01
-3.220444826906187497e-01 1.297080698724891734e-01 9.377969757780657556e-01 -3.862113237380981445e+00 6.960095592453689750e-02 9.911332632932100539e-01 -1.131837502830818354e-01 8.378389477729797363e-02 -9.441626226995660787e-01 2.882136366839391228e-02 -3.282168047089785157e-01 -1.084876060485839844e+01
-3.677663691303427740e-01 6.503683196512122233e-02 9.276411527226599008e-01 -3.498708009719848633e+00 4.596674336278865070e-02 9.976032708062190224e-01 -5.171820357817163288e-02 6.951907277107238770e-02 -9.287814362062282170e-01 2.362042685207584730e-02 -3.698744641010267564e-01 -1.093315887451171875e+01
-4.067346635801671328e-01 8.298986881293074491e-02 9.097689789813347971e-01 -3.435962200164794922e+00 6.316911277072506659e-02 9.960364729945181406e-01 -6.261794995366572192e-02 6.275420635938644409e-02 -9.113597405163820220e-01 3.200040842009536923e-02 -4.103649561388733602e-01 -1.107425498962402344e+01
-4.443573424905593594e-01 1.006991946856639619e-01 8.901720195357674115e-01 -3.464852571487426758e+00 8.061701016663122554e-02 9.941256010151170441e-01 -7.221625217446225875e-02 5.962280556559562683e-02 -8.922149123650204849e-01 3.967318484809347068e-02 -4.498650781706533541e-01 -1.105712890625000000e+01
-4.699412616065258286e-01 1.111730039471204162e-01 8.756687580546890226e-01 -3.443824052810668945e+00 9.378026297090240326e-02 9.927105351100756758e-01 -7.570373675437527816e-02 4.462025314569473267e-02 -8.777018132126516159e-01 4.654413684709281934e-02 -4.769414748251443736e-01 -1.083295154571533203e+01
-4.798800244250726044e-01 6.744376269802232482e-02 8.747379613523839081e-01 -3.512281179428100586e+00 7.874593896769416235e-02 9.963276897330078929e-01 -3.361862233023951707e-02 1.293021142482757568e-01 -8.737930185426568963e-01 5.274915681240741061e-02 -4.834286785056221003e-01 -1.063865089416503906e+01
-4.895041109664827750e-01 6.512073049235665712e-02 8.695659927843631953e-01 -3.511785745620727539e+00 9.316941282796771528e-02 9.954050374348681895e-01 -2.209687676076309976e-02 1.622997820377349854e-01 -8.670093343558679111e-01 7.020044094897465170e-02 -4.933221181240148301e-01 -1.060053730010986328e+01
-4.976144527947887197e-01 7.186766614600101355e-02 8.644159270469687906e-01 -3.628909111022949219e+00 1.029711241552484502e-01 9.944091023780740057e-01 -2.339839092411214946e-02 1.356717199087142944e-01 -8.612646538433746946e-01 7.736650224974699064e-02 -5.022326357074901049e-01 -1.029765224456787109e+01
-4.988274879132126860e-01 8.021667443364186023e-02 8.629811251962586915e-01 -3.750167608261108398e+00 1.081064989789647657e-01 9.936902425178547604e-01 -2.987786477173334440e-02 1.221454739570617676e-01 -8.599326265357680743e-01 7.838996790160077111e-02 -5.043519512718090958e-01 -1.007299709320068359e+01
-4.617986343568193930e-01 6.817845418995269191e-02 8.843606276233950680e-01 -3.555099725723266602e+00 6.420226624808073046e-02 9.969954949381034659e-01 -4.333649826343336647e-02 1.009122431278228760e-01 -8.846581771027650642e-01 3.676522075813678375e-02 -4.647883692906034092e-01 -1.014721679687500000e+01
-4.680675103715630780e-01 7.566271029037410778e-02 8.804475907208118013e-01 -3.482633590698242188e+00 6.882682978478454894e-02 9.964226140493477324e-01 -4.903918548304914832e-02 9.773404896259307861e-02 -8.810083275635613997e-01 3.764476700126485192e-02 -4.716006767182141513e-01 -1.032768344879150391e+01
-4.765526751009301343e-01 8.004006086783337082e-02 8.754947952503321362e-01 -3.403404235839843750e+00 8.391551288384045681e-02 9.954413580565925068e-01 -4.532868151500595022e-02 9.332618117332458496e-02 -8.751318383829888026e-01 5.186609033579034356e-02 -4.810968448469500336e-01 -1.050647926330566406e+01
-4.924940268660655263e-01 8.526698900319362728e-02 8.661288438145773316e-01 -3.234950542449951172e+00 1.004409535242540841e-01 9.941080142413584175e-01 -4.075378358191935474e-02 8.501784503459930420e-02 -8.645005774181910851e-01 6.692381196130825494e-02 -4.981565567531773819e-01 -1.069881820678710938e+01
-5.347871501468293154e-01 7.368220453858233265e-02 8.417681609399159104e-01 -2.990652799606323242e+00 1.191923283929430394e-01 9.928082534590382258e-01 -1.117858291032018669e-02 -4.466025158762931824e-02 -8.365380403126343456e-01 9.435414457218398165e-02 -5.397234500296886894e-01 -1.043086338043212891e+01
-5.466730676829871793e-01 7.826378285835597359e-02 8.336805967292103547e-01 -2.984633684158325195e+00 1.016419015298207496e-01 9.944624852109654745e-01 -2.670747763141825826e-02 -5.019441619515419006e-02 -8.311543063255307784e-01 7.013662239323040226e-02 -5.516007371965659933e-01 -1.032179737091064453e+01
-5.548415413391338813e-01 6.693924424292198305e-02 8.292587060650015163e-01 -2.954470157623291016e+00 7.940133518974974713e-02 9.964685393666510294e-01 -2.731076752085465770e-02 -1.987277343869209290e-02 -8.281583737272112389e-01 5.069110013285960809e-02 -5.581972056476287580e-01 -1.021287727355957031e+01
-5.606401245552502521e-01 5.491751474599151917e-02 8.262364778396060760e-01 -2.924689531326293945e+00 5.925860862096125892e-02 9.979009356711369128e-01 -2.611780792825393535e-02 1.474678516387939453e-03 -8.259364794238004404e-01 3.431893297865236392e-02 -5.627176403812355066e-01 -9.912183761596679688e+00
-5.410548703308767360e-01 5.134726995578640235e-02 8.394183016585511359e-01 -3.005761146545410156e+00 5.334332462360177191e-02 9.982197962787237033e-01 -2.667823148869380781e-02 -2.561198733747005463e-02 -8.392938204284240422e-01 3.034297588159222750e-02 -5.428307165270862544e-01 -9.575835227966308594e+00
-5.298378418045087690e-01 5.752541288333349462e-02 8.461457842857471601e-01 -3.002426147460937500e+00 7.375624897245057487e-02 9.970423624101034665e-01 -2.159961335750644473e-02 8.416479080915451050e-02 -8.448857183841220753e-01 5.096424660761597614e-02 -5.325136321619042823e-01 -9.358870506286621094e+00
-5.059526617917234903e-01 5.617197982540485940e-02 8.607302787217171458e-01 -2.973056554794311523e+00 7.172568645577961921e-02 9.971611593173853594e-01 -2.291393137929774101e-02 7.194735109806060791e-02 -8.595739234808822404e-01 5.014310552112108410e-02 -5.085453166045093010e-01 -9.060887336730957031e+00
-4.775640819289320160e-01 5.569054477024047711e-02 8.768301493873090768e-01 -2.918521642684936523e+00 6.952171450497397764e-02 9.972551292413631696e-01 -2.547426964764242657e-02 6.006818264722824097e-02 -8.758420399042660121e-01 4.879313911797177744e-02 -4.801249323992132778e-01 -8.773378372192382812e+00
-3.963333519091353785e-01 8.167399608536216049e-02 9.144666382804335081e-01 -3.008651256561279297e+00 7.425452942499768949e-02 9.956238312098646404e-01 -5.674021137485282112e-02 3.003821894526481628e-02 -9.150989777200831954e-01 4.541525173814490307e-02 -4.006635944095986446e-01 -8.880730628967285156e+00
-3.665041823203721849e-01 6.490851138867440029e-02 9.281495404787860615e-01 -2.767060279846191406e+00 7.128115989413288944e-02 9.965905853278592685e-01 -4.154758091660504943e-02 5.803894996643066406e-02 -9.276818854466344355e-01 5.093221362930449442e-02 -3.698813715625544063e-01 -9.051748275756835938e+00
-3.415604202946848633e-01 3.233732850911071044e-02 9.393033463546336392e-01 -2.523380994796752930e+00 6.472506068123312639e-02 9.978445103340851663e-01 -1.081664069571956419e-02 7.430334389209747314e-02 -9.376284689619496238e-01 5.710192974868241733e-02 -3.429172258884753965e-01 -9.315001487731933594e+00
-3.228445093921969433e-01 6.025400675582506804e-03 9.464328382415791996e-01 -2.225399017333984375e+00 6.297437124576346634e-02 9.979004733923128034e-01 1.512857460565380369e-02 6.841003149747848511e-02 -9.443546215916525099e-01 6.448519016097234435e-02 -3.225461345736309049e-01 -9.571910858154296875e+00
-4.078956987859361782e-01 -1.242688575430122080e-02 9.129439585332620455e-01 -2.333231687545776367e+00 6.909292675805649153e-02 9.966200921215940811e-01 4.443601525284765486e-02 7.510266453027725220e-02 -9.104104933401958588e-01 8.120322955397163422e-02 -4.056584389927889722e-01 -9.650245666503906250e+00
-4.200901269426945972e-01 -3.075098193993999751e-02 9.069612242841481597e-01 -2.276225566864013672e+00 5.774299697943828524e-02 9.964946495380762048e-01 6.053230329187252179e-02 6.688098609447479248e-02 -9.056434351029681862e-01 7.779968220832360337e-02 -4.168419099648936754e-01 -9.679514884948730469e+00
-4.350131870969518588e-01 -4.856504848908918537e-02 8.991134317298377088e-01 -2.192316532135009766e+00 4.670970720075021121e-02 9.959828054329575853e-01 7.639669191212122845e-02 5.379286408424377441e-02 -8.992117271838560022e-01 7.523089356871817679e-02 -4.309971952900385483e-01 -9.685389518737792969e+00
-4.451467385833125512e-01 -6.747794257073955193e-02 8.929115904696615091e-01 -2.213830947875976562e+00 5.242967962031905294e-02 9.934819735143018971e-01 1.012160906034143409e-01 7.592707872390747070e-02 -8.939214226225654647e-01 9.187108124185681957e-02 -4.387074134407822346e-01 -9.598009109497070312e+00
-4.589773106026413529e-01 -6.994812855864090961e-02 8.856901758872064434e-01 -2.185104370117187500e+00 1.552944535158518741e-02 9.961119958531020613e-01 8.671636549476582911e-02 7.369908690452575684e-02 -8.883122562922560750e-01 5.355512140489954165e-02 -4.561065492757890860e-01 -9.539101600646972656e+00
-4.641280382695714968e-01 -8.350778771172315262e-02 8.818228923562444477e-01 -2.075294733047485352e+00 1.363237976816346342e-02 9.947546316888364881e-01 1.013774183704827803e-01 9.254571795463562012e-02 -8.856632104326652710e-01 5.907344686998646649e-02 -4.605551058896243388e-01 -9.524510383605957031e+00
-4.742196866463743721e-01 -7.227724145364737562e-02 8.774347207427263262e-01 -1.876692771911621094e+00 2.437790938684167644e-02 9.951643726316589111e-01 9.515034933495340741e-02 1.151165813207626343e-01 -8.800689781664513545e-01 6.651219296104955714e-02 -4.701645689081331847e-01 -9.753118515014648438e+00
-4.831752313647647012e-01 -5.320433114351704601e-02 8.739055984162006352e-01 -1.735463857650756836e+00 2.739879219637072344e-02 9.967441488539372507e-01 7.583144408238857992e-02 8.942184597253799438e-02 -8.750948531340970726e-01 6.058383342948277239e-02 -4.801443503210284236e-01 -9.775985717773437500e+00
-4.733750283283250093e-01 5.928988384815477714e-03 8.808410354041699142e-01 -1.600311279296875000e+00 4.171496409302506703e-02 9.990062897865257252e-01 1.569378022267766543e-02 -5.366227030754089355e-02 -8.798726864301874562e-01 4.417329582103651786e-02 -4.731519582654520883e-01 -1.034144592285156250e+01
-4.964681060210924812e-01 1.216078149886363688e-02 8.679697777556348859e-01 -1.625752449035644531e+00 5.615413553179396389e-02 9.982574301715252396e-01 1.813328900170482760e-02 -1.047148704528808594e-01 -8.662367648434844414e-01 5.774269218420051419e-02 -4.962858538511998319e-01 -1.080749225616455078e+01
-5.160460573792791106e-01 1.782398159746014302e-02 8.563753688326837255e-01 -1.426486015319824219e+00 7.063399575807395581e-02 9.972638983766555221e-01 2.180723819845247630e-02 -1.633572876453399658e-01 -8.536435469834876555e-01 7.174275346408900966e-02 -5.158930819645102250e-01 -1.114233970642089844e+01
-5.477391223256948827e-01 4.600642773658082663e-02 8.353833027304269354e-01 -1.273319721221923828e+00 1.004768502160597460e-01 9.948775885214506953e-01 1.108992463466617479e-02 -1.371918618679046631e-01 -8.305939178952232993e-01 9.001106856749258034e-02 -5.495559581069076049e-01 -1.136409091949462891e+01
-6.159337221867092760e-01 5.701567537406356662e-02 7.857320552420301585e-01 -1.000759840011596680e+00 1.149952362309205611e-01 9.932016025408624271e-01 1.807407962960968367e-02 -1.428336948156356812e-01 -7.793598305772631019e-01 1.014878784481284824e-01 -6.183028909933039330e-01 -1.122953414916992188e+01
-6.353227104232082034e-01 6.611582829438400477e-02 7.694113014957963959e-01 -9.659093618392944336e-01 1.141693130494867425e-01 9.934213736254402516e-01 8.907434083488617593e-03 -1.179770231246948242e-01 -7.637607096324843248e-01 9.350225490912467130e-02 -6.386915583821288767e-01 -1.143379974365234375e+01
-6.510832366250727254e-01 6.362310862767250885e-02 7.563350573881730821e-01 -9.069280624389648438e-01 1.035000618395408578e-01 9.946146265951771870e-01 5.429711055610741965e-03 -1.167643666267395020e-01 -7.519164555886717061e-01 8.181591905911457518e-02 -6.541619059556140758e-01 -1.150667095184326172e+01
-6.629816489928607171e-01 5.617538930360235772e-02 7.465250556647756719e-01 -9.264237880706787109e-01 8.986145539775577951e-02 9.959424115403849864e-01 4.861247671079420296e-03 -1.242357790470123291e-01 -7.432228817336726800e-01 7.030674599006231373e-02 -6.653395445453279544e-01 -1.147906780242919922e+01
-6.359500250750007577e-01 -3.529390355935335677e-02 7.709227626543722067e-01 -9.566416740417480469e-01 2.315416965062447319e-03 9.988619200488335625e-01 4.763930646677515951e-02 -2.102734893560409546e-02 -7.717267680023702781e-01 3.208122578550403475e-02 -6.351445429984545754e-01 -1.121327972412109375e+01
-6.422600027716741655e-01 -2.806159826295621246e-02 7.659729992255984721e-01 -7.647910714149475098e-01 5.750716166724406317e-03 9.991250627968442100e-01 4.142509088429374015e-02 1.796599477529525757e-03 -7.664652752103645605e-01 3.101057229608435856e-02 -6.415366913143553118e-01 -1.124005031585693359e+01
-6.443791235071085755e-01 -2.048961024745900653e-02 7.644316326919743387e-01 -6.298221945762634277e-01 1.010942504148642368e-02 9.993253661215988348e-01 3.530739513562261567e-02 2.120947279036045074e-02 -7.646393559800207518e-01 3.047931262085225301e-02 -6.437372653409303425e-01 -1.125161266326904297e+01
-6.495588088162015383e-01 -1.145013840156218488e-02 7.602251299581349597e-01 -3.915499448776245117e-01 1.525511082400846097e-02 9.994890358816209686e-01 2.808823145331502610e-02 4.149069637060165405e-02 -7.601582963324319264e-01 2.984227677327664155e-02 -6.490522344418534484e-01 -1.151399612426757812e+01
-6.660724627302865297e-01 4.542670542710694481e-03 7.458732054020660307e-01 -5.074260234832763672e-01 3.911180360593816824e-02 9.988184462213360870e-01 2.884403416109791035e-02 -1.867867112159729004e-01 -7.448608871535025155e-01 4.838466319337616367e-02 -6.654631343331964821e-01 -1.133845901489257812e+01
-6.864757451854491821e-01 2.278964772939851349e-02 7.267954892736004924e-01 -3.691894412040710449e-01 5.777446630097944624e-02 9.980583330695995681e-01 2.327390886742536705e-02 -2.236708402633666992e-01 -7.248538903225391072e-01 5.796719543588556289e-02 -6.864594976672538928e-01 -1.168217182159423828e+01
-7.127988011708554783e-01 5.615580656839842116e-02 6.991168675107503061e-01 -2.771703600883483887e-01 8.317815934891145679e-02 9.965233181445496413e-01 4.761323503366027277e-03 -2.263546288013458252e-01 -6.964188846209719008e-01 6.154511989450692222e-02 -7.149915631393508608e-01 -1.192212581634521484e+01
-7.350491071948398458e-01 8.883394764512766995e-02 6.721691303220135305e-01 -2.809849977493286133e-01 9.745283991494438358e-02 9.949280950967782644e-01 -2.492046507608519298e-02 -1.832489371299743652e-01 -6.709737357040000960e-01 4.718702504798195918e-02 -7.399781285028227407e-01 -1.203241348266601562e+01
-7.853860741239203636e-01 1.210410773774598797e-01 6.070566465821125579e-01 -4.217605590820312500e-01 1.123026721295488778e-01 9.922830753478648624e-01 -5.255861690290686283e-02 -1.286465078592300415e-01 -6.087337877962575305e-01 2.689527775441727039e-02 -7.929185453939980865e-01 -1.158117675781250000e+01
-8.091781324323306102e-01 1.085581317886709085e-01 5.774477309816705706e-01 -3.796662390232086182e-01 1.052094864200474600e-01 9.936702016354760358e-01 -3.937631710739603746e-02 -1.707990914583206177e-01 -5.780672227004020058e-01 2.889052447197733992e-02 -8.154775433052577904e-01 -1.160886669158935547e+01
-8.269582124846703852e-01 1.045682696942808881e-01 5.524541535524035707e-01 -3.751013875007629395e-01 1.060192136649715372e-01 9.939284052767582978e-01 -2.943215109130141796e-02 -1.785245239734649658e-01 -5.521775449418598880e-01 3.423159588953191695e-02 -8.330235030927013451e-01 -1.149094104766845703e+01
-8.404770742107098291e-01 9.971530708213449667e-02 5.325928513036215506e-01 -4.144736528396606445e-01 1.054866898771756878e-01 9.942259961046447936e-01 -1.967808243918759206e-02 -1.876398622989654541e-01 -5.314798641387672440e-01 3.964247978170033770e-02 -8.461427939844408108e-01 -1.125655460357666016e+01
-8.083184313502040919e-01 3.564386755244767363e-02 5.876655751747313916e-01 -2.175693064928054810e-01 6.777294792950172564e-02 9.971634822328346859e-01 3.273861985839275623e-02 -1.984110474586486816e-01 -5.848317202995142461e-01 6.629105827478445900e-02 -8.084413117377901026e-01 -1.186338806152343750e+01
-8.080806676058692739e-01 3.013742253496057982e-02 5.883004082988573247e-01 -2.127217948436737061e-01 7.090657939496397555e-02 9.964053946423545582e-01 4.635241661574288075e-02 -1.516852080821990967e-01 -5.847887581342160468e-01 7.917086137312753791e-02 -8.073128780524182480e-01 -1.182670497894287109e+01
-8.064890873332535293e-01 3.268683849374868361e-02 5.903447489405326820e-01 -9.078932553529739380e-02 7.705149702629887631e-02 9.957661674630674531e-01 5.012790183042216408e-02 -1.748487949371337891e-01 -5.862068055032996217e-01 8.591455246463065853e-02 -8.055931174336211642e-01 -1.189717292785644531e+01
-8.082421065105742652e-01 4.520456796862770688e-02 5.871126334002010339e-01 4.402650892734527588e-02 9.496551830827557050e-02 9.940039692022251128e-01 5.420018028256341769e-02 -2.259009629487991333e-01 -5.811421922350756830e-01 9.956232342101863086e-02 -8.076887371749208455e-01 -1.201132678985595703e+01
-8.132173991722734252e-01 8.534001103542078470e-02 5.756687799420404650e-01 3.913406431674957275e-01 1.327177236652397896e-01 9.903189702735707423e-01 4.067361480630430487e-02 -3.338795304298400879e-01 -5.666246266344238114e-01 1.094779413067711316e-01 -8.166707493590246170e-01 -1.271046161651611328e+01
-8.204708752787167603e-01 9.908562355262677535e-02 5.630360397208724610e-01 6.670652627944946289e-01 1.521015543646001000e-01 9.872028002880273156e-01 4.791396730964572054e-02 -3.547354340553283691e-01 -5.510831697477698299e-01 1.249506715014542524e-01 -8.250422229874582181e-01 -1.321325492858886719e+01
-8.292930302686224442e-01 1.309774931504537054e-01 5.432476104281622753e-01 1.082281351089477539e+00 1.793253175591839055e-01 9.831042589082219507e-01 3.672120094459779827e-02 -3.911020159721374512e-01 -5.292593886084433485e-01 1.278706862597465410e-01 -8.387690904922987523e-01 -1.379718017578125000e+01
-8.448499915432782226e-01 1.107870885475705086e-01 5.234068329707542988e-01 1.157759428024291992e+00 1.474197870781592257e-01 9.886577924041812793e-01 2.869104209192889499e-02 -4.551494121551513672e-01 -5.142916469933694890e-01 1.014001505405362352e-01 -8.515997365565607380e-01 -1.402010345458984375e+01
-8.849298757572657825e-01 1.257693384872025366e-01 4.484207716963184431e-01 1.394466042518615723e+00 1.583390585630384539e-01 9.867384839725980017e-01 3.571983735726844827e-02 -4.508174955844879150e-01 -4.379815721301536513e-01 1.026120740651435825e-01 -8.931085626789436738e-01 -1.417246723175048828e+01
-8.944082525022944985e-01 1.093958138308682299e-01 4.336662700419226524e-01 1.481467485427856445e+00 1.445094804227344265e-01 9.883025873517983229e-01 4.873403227409561778e-02 -5.101014971733093262e-01 -4.232621976077512449e-01 1.062570080042877507e-01 -8.997547223139390482e-01 -1.417163944244384766e+01
-8.991867913748452512e-01 1.019401254112317357e-01 4.255247643183109330e-01 1.475387811660766602e+00 1.392536991765272181e-01 9.885899780830935679e-01 5.743050147196891719e-02 -5.553337335586547852e-01 -4.148150449087701364e-01 1.108966458681727302e-01 -9.031225899358985565e-01 -1.398925876617431641e+01
-9.036889556391880518e-01 9.410393952761580971e-02 4.177208637608813557e-01 1.585583209991455078e+00 1.336193848016584140e-01 9.888118013784031879e-01 6.631049283502252201e-02 -6.192106008529663086e-01 -4.068072411609462424e-01 1.157396648525476912e-01 -9.061524146184459783e-01 -1.374974441528320312e+01
-8.962409953074375046e-01 8.984672231294560385e-02 4.343727026643766087e-01 1.322261095046997070e+00 1.390832914442215462e-01 9.868082983202857150e-01 8.285662560872067428e-02 -7.613925933837890625e-01 -4.211981913201625072e-01 1.346734898034591676e-01 -8.969142293289711354e-01 -1.371826839447021484e+01
