9.995202074382809609e-01 3.003361625579751767e-02 -7.572107839662099195e-03 4.148082210313620150e-02 -3.038950290258279549e-02 9.981664811900886614e-01 -5.234647974726028968e-02 -3.950433938218198687e-02 5.986070152436308821e-03 5.255147688881745688e-02 9.986002750054369104e-01 2.840668392089519892e-02
9.982755987773211936e-01 5.865085958737940863e-02 2.430134860929439311e-03 4.625298321511905897e-02 -5.836961645007274213e-02 9.961798516038297135e-01 -6.495145213190484101e-02 -5.719256986640608442e-02 -6.230309884122728001e-03 6.469760372867941478e-02 9.978854660282985289e-01 2.810070354114222943e-02
9.942395058098350002e-01 1.050811891957877109e-01 2.111276306441839390e-02 4.783922085366053290e-02 -1.035134366119539462e-01 9.924929777301336742e-01 -6.513568604962680086e-02 -8.024404928032707884e-02 -2.779880443109365717e-02 6.257501764739362149e-02 9.976530427150664959e-01 2.447910572733295181e-02
9.859121306964004905e-01 1.654221389482952165e-01 2.475452466630174639e-02 -1.151758935835556306e-03 -1.641630697148957485e-01 9.853437868933268007e-01 -4.634768788731934847e-02 -9.689184638971512498e-02 -3.205865074306638723e-02 4.163096895928557889e-02 9.986185985330160442e-01 3.125230846133731505e-02
9.757462512836707624e-01 2.186061591543857763e-01 1.142804819866738431e-02 1.054772980811600688e-02 -2.182851099280397056e-01 9.755828158926237448e-01 -2.428538899673164664e-02 -1.363016348179471593e-01 -1.645794305395823984e-02 2.120180451721756509e-02 9.996397449059567508e-01 -9.917273852260356792e-03
9.642734330477950033e-01 2.647745004447674133e-01 8.438615552527070976e-03 1.214562229633359483e-02 -2.645439067138359301e-01 9.641277167423607519e-01 -2.177767732664344716e-02 -1.693696918040754062e-01 -1.390207678013385788e-02 1.876725135404795977e-02 9.997272240655513675e-01 -1.523282126380026344e-02
9.459953682271168285e-01 3.237665560847573509e-01 1.637010854751016348e-02 -2.541444554202380857e-02 -3.236251885026486530e-01 9.461245771215475164e-01 -1.072482788663535469e-02 -1.954763404204109267e-01 -1.896050261640457729e-02 4.847858041293266577e-03 9.998084804666065306e-01 -7.594083258963582606e-02
9.247220688807721301e-01 3.798477574395178191e-01 2.459220390761611072e-02 -1.442718912839241127e-02 -3.794065068995424728e-01 9.249957996489892587e-01 -2.082001810792311058e-02 -2.276085951427741783e-01 -3.065612250680111242e-02 9.922288037343894931e-03 9.994807403611897234e-01 -8.218523117397559530e-02
9.037303358980395274e-01 4.273400367923581578e-01 2.553376063024319700e-02 6.289309728587063816e-03 -4.270409509308843998e-01 9.040821954687583428e-01 -1.647452774545478740e-02 -2.509690664434208740e-01 -3.012484366204339417e-02 3.984569072780789513e-03 9.995382018730658569e-01 -8.756990311123177828e-02
8.868102346212048959e-01 4.607100514203542052e-01 3.624715563100156662e-02 7.526403002477970172e-03 -4.607190689875103051e-01 8.875043389934268445e-01 -8.601612588475190252e-03 -2.579344530468029584e-01 -3.613235727661828073e-02 -9.071757718054043046e-03 9.993058370536718193e-01 -4.551068441982332458e-02
8.758409803781599390e-01 4.799430717854253903e-01 5.056901161179169074e-02 5.579294302083827317e-02 -4.809944400080274907e-01 8.766617222175481228e-01 1.041985988036678995e-02 -2.602958423760503015e-01 -3.933097725187554433e-02 -3.344955371499669372e-02 9.986662112961868232e-01 -5.140999619177728797e-02
8.737774634328888679e-01 4.836444104534875499e-01 5.100028072359068243e-02 1.539460051095852544e-01 -4.856319415492817426e-01 8.733199898844292708e-01 3.839026719541553667e-02 -2.433346025345563546e-01 -2.597232650075065319e-02 -5.831191563787678500e-02 9.979604995944376666e-01 -9.687583034114190250e-03
8.873701006879639586e-01 4.574432668621899456e-01 5.761911147770387709e-02 2.314747897920942932e-01 -4.600126879759834919e-01 8.868274953444669206e-01 4.387847310663908068e-02 -2.317212064961159390e-01 -3.102630023292002326e-02 -6.544196744831884405e-02 9.973739106224656092e-01 -6.383516121563046625e-03
9.104476297462958945e-01 4.079969139698396696e-01 6.799729171400072103e-02 3.081785782216504566e-01 -4.117499183643896221e-01 9.096239585920233850e-01 5.519292239314130266e-02 -2.166137560549306895e-01 -3.933342365304742794e-02 -7.824814468384613808e-02 9.961576730805549174e-01 -6.595381786905574195e-02
9.418758685376658057e-01 3.348355309501793164e-01 2.747754500913823089e-02 3.897535204463625225e-01 -3.359536129877889743e-01 9.392448372011643620e-01 7.038682910466456666e-02 -1.925682482813412810e-01 -2.240130993635805479e-03 -7.552683631842277423e-02 9.971412531877625884e-01 -6.567565992384023776e-02
9.704748363217032825e-01 2.406152835364966103e-01 1.681895939155243769e-02 4.758112407905469299e-01 -2.411733155824992425e-01 9.690785458538928587e-01 5.217474309135251842e-02 -1.342158758271326247e-01 -3.744852107571654612e-03 -5.469055946281536906e-02 9.984963288807509052e-01 -4.747573765964883952e-02
9.885557856910822672e-01 1.493122249619123210e-01 2.152482412495686920e-02 5.585122722499449299e-01 -1.499030114025097782e-01 9.882724208002228172e-01 2.909827242511951045e-02 -1.061245042632165125e-01 -1.692766224692770355e-02 -3.199190151570759783e-02 9.993447715819917532e-01 -4.776527924234592881e-02
9.983184355352008321e-01 5.778769482164514831e-02 4.569857519602411530e-03 6.560236449911892587e-01 -5.794854777787034755e-02 9.969233125726608691e-01 5.278138554063035309e-02 -4.566661295137224019e-02 -1.505682896541578547e-03 -5.295744684511510120e-02 9.985956347504538755e-01 -5.846115817232164225e-02
9.985888920800533031e-01 -5.205626545951199530e-02 1.050570515199301773e-02 7.350531732862989331e-01 5.128109460069792819e-02 9.966323097605951364e-01 6.398662733583899975e-02 -2.787267097258606073e-03 -1.380123004974788577e-02 -6.335759123948832283e-02 9.978954562886054314e-01 -5.948591114399463808e-02
9.866008861876015557e-01 -1.631238970382589415e-01 -3.047226425909223789e-03 7.893345890388945296e-01 1.627877989659766989e-01 9.829767827420904380e-01 8.518671902252071548e-02 1.507663729653962829e-02 -1.090063675442983632e-02 -8.454134376185788724e-02 9.963603451127946986e-01 -1.181035135289505988e-01
9.570371570541443829e-01 -2.883860962898371350e-01 -3.022150698475604275e-02 8.629710934379071219e-01 2.899596403558623026e-01 9.511546637697625428e-01 1.059632603958979569e-01 6.878745153544690849e-02 -1.813003701015348731e-03 -1.101737947777902404e-01 9.939106840968364720e-01 -1.211596475913744586e-01
9.101551525371720519e-01 -4.115163220098704833e-01 -4.766460982223332671e-02 8.886816597160376308e-01 4.142586573104912184e-01 9.033376156847788829e-01 1.112246237676167704e-01 1.370395036012787005e-01 -2.713513100419714941e-03 -1.209771416772916497e-01 9.926515844133058097e-01 -1.123225609517909118e-01
8.460498027623917228e-01 -5.305249353092892362e-01 -5.237388911273087311e-02 9.552291237614021213e-01 5.328957329596043513e-01 8.388832775054453350e-01 1.108917693752239086e-01 1.938918517112721285e-01 -1.489526901952883606e-02 -1.217297816345545847e-01 9.924515057291410924e-01 -1.073013356677803148e-01
7.705718357621339498e-01 -6.344106851859389051e-01 -6.117293888708014160e-02 9.796083536434232464e-01 6.369273864168579768e-01 7.629942730783384475e-01 1.102870966244382661e-01 2.388373806091055873e-01 -2.329271049846440289e-02 -1.239468505915553714e-01 9.920154373123784008e-01 -3.866999139132010904e-02
6.877678246944097795e-01 -7.220776824526887738e-01 -7.469430914650307396e-02 1.016399144095037066e+00 7.255017721977595757e-01 6.801763704731937921e-01 1.049156022135060706e-01 2.945010938451472216e-01 -2.495191080918552490e-02 -1.263484291697623829e-01 9.916720610127643942e-01 -4.088814118136739617e-02
5.971325979721668897e-01 -7.974575789098561351e-01 -8.656829834437816673e-02 1.030961413022925877e+00 8.016746394414677734e-01 5.896130931274807807e-01 9.835737333335699273e-02 3.698889819682192881e-01 -2.739403065274030255e-02 -1.281320032305565682e-01 9.913787151400423880e-01 -9.861614511870448255e-03
5.045151757926942260e-01 -8.546743449902890477e-01 -1.224589784796819569e-01 1.031591987753509354e+00 8.634020549459916483e-01 4.996037579689777131e-01 7.023515172841776621e-02 4.203774515754197805e-01 1.152783546712270180e-03 -1.411660335870336125e-01 9.899852635526443789e-01 -6.109359480563505626e-03
4.197024852517063920e-01 -8.957330076548570830e-01 -1.466703885285811915e-01 9.890218741459380070e-01 9.068582942221901089e-01 4.206175618485962220e-01 2.624692105680342946e-02 4.565135952047249535e-01 3.818190767838799959e-02 -1.440251563516807554e-01 9.888371434487647216e-01 -4.192458100131409710e-03
3.399637131319255268e-01 -9.277091322061025158e-01 -1.542090781210834205e-01 9.713621713477830211e-01 9.376147536301285834e-01 3.470526733258992858e-01 -2.080902958958249366e-02 4.938734208144694438e-01 7.282339959564712584e-02 -1.375143918240822882e-01 9.878190849100788595e-01 3.472467855702673564e-03
2.515946682859403483e-01 -9.550364700123322725e-01 -1.568612885210097230e-01 9.042221360295513710e-01 9.632453402316397684e-01 2.628529080643629001e-01 -5.537836440470533805e-02 5.303524845245389807e-01 9.411980350659687744e-02 -1.371630040079736268e-01 9.860668197031011717e-01 -4.307133967414077981e-03
1.582127045944936583e-01 -9.753001802035038414e-01 -1.541372719361178978e-01 8.726250662359236188e-01 9.814909398756640480e-01 1.723968962446685849e-01 -8.339571396175465834e-02 5.601131158807334254e-01 1.079086421325063661e-01 -1.380900744449731765e-01 9.845236697474065712e-01 2.061413940922231409e-03
7.721710939493275916e-02 -9.857900242285515535e-01 -1.491829284742853257e-01 8.057460656138176747e-01 9.900378837760832607e-01 9.348360633156682642e-02 -1.052891449078212083e-01 5.840290536782011266e-01 1.177391468665649338e-01 -1.395666273817539882e-01 9.831880032915455425e-01 4.276407599074973087e-03
-5.242476346380975372e-04 -9.908680082970788838e-01 -1.348343995343831703e-01 7.696775958827031250e-01 9.931974778068450860e-01 1.518432341252773377e-02 -1.154478514335601641e-01 6.070310059197787655e-01 1.164409517418128759e-01 -1.339777088021879003e-01 9.841196463345180945e-01 3.963306512548719386e-03
-7.727965449811391441e-02 -9.894667926761765431e-01 -1.224063772512388043e-01 7.067693552551290725e-01 9.903865127323131512e-01 -6.205778480369728012e-02 -1.236259954183824006e-01 6.421090988050937032e-01 1.147275485599689865e-01 -1.307833993149683238e-01 9.847503704315330175e-01 1.113526880491593277e-02
-1.462259612823120225e-01 -9.805365182851412120e-01 -1.310194815907768096e-01 6.648861372471022158e-01 9.835656270441776039e-01 -1.299255217718783273e-01 -1.253715122725175823e-01 6.616330831598501439e-01 1.059085716278745509e-01 -1.471988284653016343e-01 9.834204997630393574e-01 6.066709276312211817e-03
-2.267879884912920030e-01 -9.671729977467357076e-01 -1.146455437671545369e-01 5.964630495096366891e-01 9.707659586585913880e-01 -2.149745618972659367e-01 -1.067679317339477602e-01 6.888927241127060785e-01 7.861718505352323361e-02 -1.355076756743748556e-01 9.876522708157908781e-01 8.024144269201302290e-03
-2.880989152413958587e-01 -9.513859058913535227e-01 -1.089214079417777509e-01 5.571780219870747786e-01 9.555576629795218269e-01 -2.781925514388767784e-01 -9.756258014752375307e-02 7.148712612009648915e-01 6.251853931311175672e-02 -1.321883595299376546e-01 9.892510651229741159e-01 4.002099634626249403e-03
-3.438319322800172939e-01 -9.323331826562470948e-01 -1.119573082146174126e-01 4.838701651705420992e-01 9.378333877244906525e-01 -3.349238479852373329e-01 -9.107443614959634393e-02 7.491877619347498962e-01 4.741454643666741936e-02 -1.363116010060583527e-01 9.895307009978873136e-01 -1.117604214074781159e-02
-3.969221987415244568e-01 -9.114352800885362482e-01 -1.083443508270047761e-01 4.439603735393787831e-01 9.171779927851192449e-01 -3.893339103263067091e-01 -8.487423531724375136e-02 7.809812628781357402e-01 3.517524266942938932e-02 -1.330595223197449661e-01 9.904836524765000538e-01 -2.020409004672951356e-02
-4.461972848277467874e-01 -8.908350901461505877e-01 -8.556182078851935768e-02 3.823312500102176714e-01 8.940800041844205737e-01 -4.395519336395574683e-01 -8.611064830386995494e-02 8.322538031780319923e-01 3.910152337100648856e-02 -1.149214505565698125e-01 9.926047204562552517e-01 -1.296296932497242524e-02
-5.033447134182609251e-01 -8.627134301786312243e-01 -4.867891600383534439e-02 3.406525317254540663e-01 8.632951987859065479e-01 -4.996763911043785589e-01 -7.102748711665041181e-02 8.723438830199409244e-01 3.695266197570439698e-02 -7.777558461576311588e-02 9.962858320836373016e-01 -1.751760636488896086e-02
-5.697438811680254345e-01 -8.212815323025715042e-01 -2.980863248012636038e-02 2.528105009790688751e-01 8.213006934869584441e-01 -5.677154908576045322e-01 -5.625204279091031850e-02 9.265775372463984638e-01 2.927594147821978646e-02 -5.653110771114874117e-02 9.979715191885559777e-01 -2.270896471007536124e-02
-6.348635440407929265e-01 -7.723787695495191175e-01 -1.947605702226945165e-02 1.987766714739245821e-01 7.717586179976788641e-01 -6.327577858095275731e-01 -6.329470786516386283e-02 9.533444251941916026e-01 3.656386186218021916e-02 -5.521431740585525799e-02 9.978048221767266135e-01 -1.953698252428839877e-02
-6.934732184619545325e-01 -7.201725689895575044e-01 -2.112737917959849054e-02 9.026879617019259450e-02 7.198343915876326271e-01 -6.913081202448033702e-01 -6.270192637597660212e-02 9.771239727296079369e-01 3.055067861243374039e-02 -5.869032082530054040e-02 9.978086501317490198e-01 -1.150215336640343471e-02
-7.434932999455303726e-01 -6.672961908519839946e-01 -4.397165690008037614e-02 2.250251162578122827e-02 6.684396881171691396e-01 -7.395660516048654376e-01 -7.893312779442744620e-02 9.881576732674376418e-01 2.015183083313801943e-02 -8.807865228318602357e-02 9.959096619302627573e-01 -9.077712964424647715e-03
-7.894366301642324890e-01 -6.132289985880243766e-01 -2.720298229367020676e-02 -9.229997769273128039e-02 6.130352439502111395e-01 -7.853799234693674691e-01 -8.582636824517146656e-02 1.002499621212966874e+00 3.126654169949224377e-02 -8.443086581327603757e-02 9.959386689290533612e-01 -2.430432581805728326e-02
-8.237929473480345433e-01 -5.668046070523660163e-01 -9.885207324632230841e-03 -1.726208081779342374e-01 5.649590755424975796e-01 -8.194226649278026908e-01 -9.678708160071886057e-02 1.001852932701183363e+00 4.675920082512675935e-02 -8.531725280874108419e-02 9.952560190781891691e-01 -3.123020348139459237e-02
-8.483990267987490119e-01 -5.292821830151128726e-01 8.914149970262068290e-03 -2.771294337962011411e-01 5.245160013448257885e-01 -8.427930286807876481e-01 -1.207595757706192013e-01 9.862090697583443255e-01 7.142867533540417369e-02 -9.777669226263314972e-02 9.926417595436974883e-01 -1.869147318401394309e-02
-8.636210451709575020e-01 -5.038279156580386386e-01 1.777981275209570070e-02 -3.644751981826477305e-01 4.982881125152013313e-01 -8.584214403346800415e-01 -1.217439431748930240e-01 9.753351101166072290e-01 7.660056960533194459e-02 -9.628116211081928777e-02 9.924022826247069773e-01 -1.365934740722865234e-02
-8.961687630104688829e-01 -4.414156932404262323e-01 4.509693964517471482e-02 -4.931450795878514759e-01 4.364244576039720269e-01 -8.952292731768848322e-01 -8.999022864881546513e-02 9.942913096302099518e-01 8.009519966493292009e-02 -6.096502446699374883e-02 9.949211148540236804e-01 -2.548870735811029770e-02
-9.252644524334058262e-01 -3.785357618745280872e-01 2.442068887604792807e-02 -5.809193300078583366e-01 3.768277333274598906e-01 -9.246436113019975700e-01 -5.509130125246339965e-02 9.865870314198655899e-01 4.343446164509184859e-02 -4.177162985174808635e-02 9.981826378379506925e-01 -2.639672269745718669e-02
-9.456555946332443341e-01 -3.250962195136375965e-01 6.924189251146820219e-03 -7.178588021246692374e-01 3.248008969066131235e-01 -9.453823771447418256e-01 -2.750524227881949793e-02 9.699471723368233711e-01 1.548785677570014077e-02 -2.376150336358489115e-02 9.995976776935797670e-01 -1.694037602088754521e-02
-9.596651171034551453e-01 -2.808387188344795282e-01 -1.313305060599171542e-02 -8.100751433959442194e-01 2.810035221854384480e-01 -9.596180059316669064e-01 -1.305002724550953334e-02 9.616330359659692739e-01 -8.937758901937493949e-03 -1.621408940208846766e-02 9.998285951955324657e-01 -3.252063335350207501e-02
-9.726049254066603256e-01 -2.324631193437297627e-01 -7.464714912461031110e-04 -9.225764640183723442e-01 2.324341261147968574e-01 -9.724218411528701145e-01 -1.923901936463222676e-02 9.940429109782151773e-01 3.746477272731165570e-03 -1.888547044277282330e-02 9.998146342768743366e-01 -5.950467463527513157e-02
-9.829911629650253113e-01 -1.835863265686098478e-01 4.943099200937190775e-03 -1.020682852180574418e+00 1.835976576878931010e-01 -9.829995577385636230e-01 1.941539931832887917e-03 9.904528151179667894e-01 4.502624144407637967e-03 2.816058030546411076e-03 9.999858979970581707e-01 -6.452207916970124912e-02
-9.900679464423404186e-01 -1.388728210950485320e-01 2.190436003516084418e-02 -1.144062607277747112e+00 1.390334535151704076e-01 -9.902696174765830417e-01 5.981931663530002871e-03 9.969949639406471276e-01 2.086049450737587074e-02 8.967957620597653487e-03 9.997421745155211648e-01 -4.250100988730068363e-02
-9.949178003749544752e-01 -9.576632461946268937e-02 3.110275817259413461e-02 -1.236321837161864501e+00 9.646990285305559465e-02 -9.950935090448370657e-01 2.196511097981962424e-02 9.853716124940653520e-01 2.884663482254373745e-02 2.485395996040613148e-02 9.992748132189168686e-01 -2.974259440040281574e-02
-9.988751052422037979e-01 -4.740824359979232960e-02 9.912447520227722457e-04 -1.352977443042807426e+00 4.741194738554133092e-02 -9.981663287258288886e-01 3.763093731374084899e-02 9.872241998044715139e-01 -7.945895080630259542e-04 3.763560331365477934e-02 9.992912138064313776e-01 -2.766925183943971453e-02
-9.999860743624660042e-01 -2.202475411921249893e-03 -4.795850623632932561e-03 -1.443112218271448421e+00 2.053544284849497751e-03 -9.995222029612306214e-01 3.084069946350888325e-02 9.580054077720807637e-01 -4.861485062661412976e-03 3.083042149546771221e-02 9.995128068581199399e-01 -3.472728014752160530e-02
-9.991308547643370508e-01 4.155582524374912962e-02 -3.263195703036303637e-03 -1.562727112294020060e+00 -4.166068437015951059e-02 -9.981173574068196164e-01 4.501253404372145689e-02 9.259194052165341526e-01 -1.386519273316687111e-03 4.510935858043448737e-02 9.989810925802181663e-01 -6.442734202929251142e-02
-9.983138444692997160e-01 5.657926979869543765e-02 1.297128251074083569e-02 -1.652640942028937854e+00 -5.599558779872580022e-02 -9.975621853903708924e-01 4.164349200370726783e-02 8.881908604955480735e-01 1.529581929816809308e-02 4.084694001065527352e-02 9.990483298638578313e-01 -7.084414966158826543e-02
-9.986328832500764863e-01 4.257968743946806411e-02 3.032053279868403631e-02 -1.764561191755124936e+00 -4.161489457981913664e-02 -9.986284896675471368e-01 3.177011446979791792e-02 8.329650519676359277e-01 3.163170941870528663e-02 3.046489523813808789e-02 9.990351971364070938e-01 -5.755116630305595615e-02
-9.975679835696907860e-01 4.448724136855228273e-02 5.365634642907593510e-02 -1.848749819089110069e+00 -4.209438025519630922e-02 -9.981028326515215543e-01 4.493104276487944193e-02 8.027950683879172544e-01 5.555340950501398700e-02 4.256313908095427090e-02 9.975480930180476991e-01 -4.236832327141840104e-02
-9.984785680788896833e-01 4.031629149316873911e-02 3.761842271238785562e-02 -1.942944229023271907e+00 -3.851484409865552766e-02 -9.981311755859637591e-01 4.744220807928646588e-02 7.974077977228632985e-01 3.946081437560948479e-02 4.592116030350174016e-02 9.981653626354672904e-01 -2.746505771557671699e-02
-9.995451203409227992e-01 2.151836965975412880e-02 2.113083457500039217e-02 -2.026155022564716912e+00 -2.073998842838168516e-02 -9.991224579231610115e-01 3.638910487455701559e-02 7.754866234603555730e-01 2.189532558882039195e-02 3.593429894636999966e-02 9.991142681778658607e-01 -3.394501563690295598e-02
-9.997127881582105191e-01 2.332652014478924299e-02 5.496785503557467117e-03 -2.150010031690935630e+00 -2.316549185178900724e-02 -9.993468846847055609e-01 2.773380713567916156e-02 7.385263145647388283e-01 6.140128679602323974e-03 2.759850591805818737e-02 9.996002307377128693e-01 -5.674568789855970186e-02
-9.990919573966261513e-01 3.532075245419296489e-02 2.382656314804827702e-02 -2.250049520793850455e+00 -3.454764959471533919e-02 -9.988869640108418713e-01 3.211375151993241944e-02 7.197182952666401068e-01 2.493432519357754312e-02 3.126143911071303100e-02 9.992001810707743514e-01 -7.502524356412762496e-02
-9.966499640874111332e-01 6.798456692790361133e-02 4.546369699208236553e-02 -2.377169389256309717e+00 -6.449616105264355248e-02 -9.951530337517375813e-01 7.423398564124682186e-02 7.144256358528016104e-01 5.029010135239288942e-02 7.105306520016409222e-02 9.962039789278234192e-01 -6.842011404642975303e-02
-9.945026987742583424e-01 9.598662528994954257e-02 4.184435321717153156e-02 -2.487059320190130318e+00 -9.074538988177917320e-02 -9.894461026871986808e-01 1.129676240890156586e-01 7.015583514424518219e-01 5.224611321352515270e-02 1.085494248835988801e-01 9.927171631494640103e-01 -5.756968125640498507e-02
-9.942045698386378083e-01 1.064995857407785018e-01 1.466668159510848765e-02 -2.629264678471150862e+00 -1.041190632805635008e-01 -9.878595395377555155e-01 1.152941924202264129e-01 6.938305110700451195e-01 2.676740505816245855e-02 1.130989318309273267e-01 9.932231056742264474e-01 -5.161507431613048674e-02
-9.938720776000311563e-01 1.105277072309696212e-01 -1.385388488249012819e-03 -2.729419320258616999e+00 -1.101938135706099636e-01 -9.897280500421669069e-01 9.108079056802358131e-02 6.747410714706116863e-01 8.695793107242204972e-03 9.067531579209185677e-02 9.958425429194318612e-01 -4.894349668606665787e-02
-9.933462981578682349e-01 1.144776517520311315e-01 1.256977268689787527e-02 -2.832638051203610452e+00 -1.134214286883694495e-01 -9.913809170455384345e-01 6.557024349685189324e-02 6.715030639564520953e-01 1.996776027371927401e-02 6.370827707047185817e-02 9.977687828261431191e-01 -3.862856976805820880e-02
-9.940756041037329682e-01 1.053255869296809699e-01 2.683680427541868668e-02 -2.933387378380157617e+00 -1.036785528570286496e-01 -9.929905281069556500e-01 5.675005521884719101e-02 6.506517012679874368e-01 3.262592532436787984e-02 5.363144439401298230e-02 9.980276635288927167e-01 -4.467483772924725483e-02
-9.982216851347697206e-01 5.167617127495154061e-02 2.971599988329135661e-02 -3.054847835653999866e+00 -5.006673493297640609e-02 -9.973614639583069374e-01 5.256835801216554194e-02 6.276595587933277987e-01 3.235412461886396501e-02 5.098709183024661973e-02 9.981750984105148827e-01 -5.805927348199396709e-02
-9.988276897023732337e-01 3.137610781508533286e-02 3.686171648466709388e-02 -3.152579848588398015e+00 -2.821631753193920913e-02 -9.961234754085254162e-01 8.331783221482609580e-02 6.216140143888346792e-01 3.933301042072188253e-02 8.218005596504103505e-02 9.958410278216227596e-01 -3.894162200556218478e-02
-9.994404064845407998e-01 -1.225329083200912654e-02 3.112443975082675868e-02 -3.248699100113373373e+00 1.461079599850769080e-02 -9.969484524250760149e-01 7.668316534635644111e-02 6.238008545568053398e-01 3.008984091527629884e-02 7.709500678405087348e-02 9.965695968685079897e-01 -3.441220194756371142e-02
-9.982685698208838554e-01 -5.711922965026589721e-02 1.404478949385812130e-02 -3.348848784457686190e+00 5.802274021490588102e-02 -9.954389914186533295e-01 7.572698317883369556e-02 6.286494335804971856e-01 9.655264145539804374e-03 7.641078436695963871e-02 9.970296725307155050e-01 -3.779806222603796645e-02
-9.951186436541377134e-01 -9.859875970206076479e-02 4.143626089009080568e-03 -3.479101594506095019e+00 9.865524479431624083e-02 -9.928887327368741689e-01 6.662662439849742491e-02 6.286001618157597282e-01 -2.455142872375229782e-03 6.671018654883370536e-02 9.977693737954157482e-01 -5.594588162761705841e-02
-9.935790743910567491e-01 -1.100111669602576725e-01 2.642283247976254593e-02 -3.591402701764732086e+00 1.115301738288619893e-01 -9.916129534904962739e-01 6.530521262165056573e-02 6.364972908731317824e-01 1.901692030574642436e-02 6.783283580904952981e-02 9.975154450574624798e-01 -6.898248984623621405e-02
-9.928144448677678202e-01 -1.021933547316952740e-01 6.225750003484244871e-02 -3.723007626576539497e+00 1.057473077815001827e-01 -9.927727536388579743e-01 5.674298660878281803e-02 6.450569027397063948e-01 5.600879358521464874e-02 6.291881976802912724e-02 9.964458024198441510e-01 -6.400822550710391634e-02
-9.919446568971284073e-01 -9.089851051897070155e-02 8.822277732349857737e-02 -3.841961029727829491e+00 9.614797016632121995e-02 -9.937226726196957127e-01 5.719106358921945826e-02 6.520217827790614207e-01 8.247039157258347075e-02 6.521281091167986654e-02 9.944576028201816964e-01 -3.948920623255731260e-02
-9.940289471156844581e-01 -7.744160609770869841e-02 7.687164588515585373e-02 -3.980503711855157611e+00 8.114472600244768130e-02 -9.956275342405608297e-01 4.627468534793249821e-02 6.299808878569636006e-01 7.295194129064122568e-02 5.223610539722305102e-02 9.959665674885161968e-01 -1.045681343709067325e-02
-9.948505052901248646e-01 -7.062641643736432273e-02 7.269375093637207852e-02 -4.094534915643848194e+00 7.151958962343764326e-02 -9.973914939540358127e-01 9.754798215837147055e-03 6.267643916441982821e-01 7.181518240649654994e-02 1.490359316918650999e-02 9.973066040524192211e-01 -4.186815289859229482e-03
-9.947153610073510288e-01 -5.567754827585755933e-02 8.626332473308143123e-02 -4.209231169615034851e+00 5.582387924303872789e-02 -9.984403740658245319e-01 -7.168971719620476600e-04 6.231609500735566520e-01 8.616870129156026237e-02 4.102444793789197797e-03 9.962721138647009367e-01 -9.262050352607641840e-03
-9.926958537832062390e-01 -4.523354973436374132e-02 1.118430501196209931e-01 -4.328270216508551371e+00 4.639004896586988030e-02 -9.988932730373978330e-01 7.758378540574223207e-03 6.174437444631593053e-01 1.113683313989008578e-01 1.289011478085009058e-02 9.936955971032381818e-01 -1.363092410941667623e-02
-9.894432279991330903e-01 -7.034132687301307418e-02 1.267051549874738947e-01 -4.435199343617933110e+00 7.038052963707371046e-02 -9.975114871279711082e-01 -4.173019979427037771e-03 5.882095585755868772e-01 1.266833833407556564e-01 4.788609556816762064e-03 9.919316456308123753e-01 -2.349460666050017313e-02
-9.873481882356928141e-01 -6.748448656047489891e-02 1.434900667689715803e-01 -4.539328609894914379e+00 6.746351946854164949e-02 -9.977091270593476668e-01 -5.017103087636050514e-03 5.762612903840302891e-01 1.434999258836482383e-01 4.726717269241701054e-03 9.896390399611588728e-01 -7.929100289287465200e-03
-9.913093498631233569e-01 -5.226337519171951607e-02 1.207241172571643095e-01 -4.649326000110780122e+00 5.489462336665586195e-02 -9.983194303907677591e-01 1.857135508481993699e-02 5.682875142214797171e-01 1.195506302759839212e-01 2.503706288331409083e-02 9.925123637934148979e-01 2.644017929888645060e-03
-9.939849416986528130e-01 -4.658983437001405770e-02 9.911267834995467207e-02 -4.758275356971503278e+00 4.897108087682530697e-02 -9.985638161150083292e-01 2.172874555947041167e-02 5.321261247426115615e-01 9.795799566182615548e-02 2.645170087550944779e-02 9.948389510904316335e-01 6.848922209659878343e-03
-9.966496938251404591e-01 -1.786958215238650810e-02 7.981269217331989074e-02 -4.906543754871865559e+00 1.924651670740836623e-02 -9.996783419778284552e-01 1.651617919167640974e-02 5.139458755790577982e-01 7.949188255970203454e-02 1.799696124792248692e-02 9.966730406672767995e-01 -5.353405860002681538e-02
-9.962845820751119463e-01 3.213472794604243371e-02 7.990238281336646542e-02 -5.041631506914807659e+00 -2.906358802677539571e-02 -9.988044284678854190e-01 3.930676180952835663e-02 4.992013006885873128e-01 8.106996589631575156e-02 3.683847082568654507e-02 9.960274030852741545e-01 -7.799541345206290055e-02
-9.929997155789429542e-01 7.507735466004278324e-02 9.118637879304436478e-02 -5.177084553985123350e+00 -7.002494111478752004e-02 -9.958923623456984453e-01 5.740130872527716976e-02 4.839233632146403008e-01 9.512135660307288743e-02 5.061416243260567771e-02 9.941781198956437526e-01 -8.010207746055472700e-02
-9.871372393075080742e-01 1.309086579025815211e-01 9.177687104328709211e-02 -5.320558436297012861e+00 -1.216503484206632735e-01 -9.875111781085078588e-01 1.001142639181742816e-01 4.357515151526660802e-01 1.037365099735020751e-01 8.766182976011567540e-02 9.907341419884680978e-01 -7.216743786024332197e-02
-9.862354484350781547e-01 1.541089880480878138e-01 5.991710985065416134e-02 -5.444872041292384779e+00 -1.489717637096707459e-01 -9.854011955767500996e-01 8.241296847670410985e-02 4.106598166355467372e-01 7.174297085632189153e-02 7.235263339165017016e-02 9.947954777611338617e-01 -6.029448708922836853e-02
-9.814010232574040815e-01 1.828500992592892449e-01 5.846257563765016457e-02 -5.555312256210202193e+00 -1.796718464198379106e-01 -9.821488921735496147e-01 5.569184147031708276e-02 3.477426985551468341e-01 6.760221263691054694e-02 4.415195129478229064e-02 9.967349427222149671e-01 -3.598819453229890053e-02
-9.776984291451688014e-01 1.977014535082443625e-01 7.085137209536498948e-02 -5.663371226341817888e+00 -1.966148222382768096e-01 -9.802324813894899291e-01 2.206567708485712362e-02 3.123313064388170135e-01 7.381323271120954210e-02 7.643147894021169036e-03 9.972427933893486252e-01 -3.453149941959707953e-02
-9.779907346394645096e-01 1.922556421661835990e-01 8.106720060930111549e-02 -5.778438179285673826e+00 -1.930387285703956957e-01 -9.811893724548836904e-01 -1.861357976431392454e-03 2.833345184984715770e-01 7.918441911945436895e-02 -1.746950018917785979e-02 9.967068999118320338e-01 -3.507580548264668807e-02
-9.792121019192048248e-01 1.677666654200746232e-01 1.140087954010640670e-01 -5.887003583136870333e+00 -1.695609517694416368e-01 -9.855004661822154288e-01 -6.157498654266209751e-03 2.607221876156951557e-01 1.113226980000666111e-01 -2.536093705810065629e-02 9.934606583964565862e-01 -1.987014107989611839e-02
-9.777168114896560569e-01 1.765810110097900953e-01 1.135296572762441725e-01 -6.009865124454223384e+00 -1.767476058611743561e-01 -9.842179603577559943e-01 8.677000147646416611e-03 2.035756601316651426e-01 1.132701211831435850e-01 -1.158244620016368395e-02 9.934967169483632787e-01 -4.103463766824375081e-02
-9.798791050091891774e-01 1.749354174917099602e-01 9.609651020402099064e-02 -6.123510928414577670e+00 -1.735847437718686936e-01 -9.845663073137661536e-01 2.230522880826847631e-02 1.817127428470808881e-01 9.851536071113517479e-02 5.175539540535544977e-03 9.951220716547388712e-01 -3.547502989261502870e-02
-9.804836163677517202e-01 1.813346928185565199e-01 7.595793055906054081e-02 -6.225683314469574015e+00 -1.795753224218666344e-01 -9.833035384985969740e-01 2.944239720574096802e-02 1.542909302021218121e-01 8.002862994889990700e-02 1.522761821617964195e-02 9.966762453434737656e-01 -4.582980085620609600e-02
-9.745214051316283266e-01 2.126024656817716851e-01 7.147183029912917984e-02 -6.366911510597534907e+00 -2.109109847211292077e-01 -9.770286541009960413e-01 3.052155942214499623e-02 9.412482332122680539e-02 7.631898495289371476e-02 1.466971886666646428e-02 9.969755322394492358e-01 -8.236840840924029850e-02
-9.641621687482294645e-01 2.590483068451416293e-01 5.731742383757574416e-02 -6.504858311188941755e+00 -2.552148275723752913e-01 -9.645979597627074575e-01 6.645425350438673162e-02 5.797494866607916242e-02 7.250313194554912355e-02 4.944442073973448482e-02 9.961418298193277510e-01 -9.954356761374157092e-02
-9.534813921695792782e-01 3.002505089201717436e-01 2.688618008454245895e-02 -6.638856543886294759e+00 -2.968707600418331594e-01 -9.507391678433938509e-01 8.923444716383273356e-02 1.868775793658059015e-02 5.235443265421648590e-02 7.710166419493429124e-02 9.956477021315455200e-01 -9.387936573271171703e-02
-9.413809692442088872e-01 3.370031014818405946e-01 -1.519145603468251803e-02 -6.778700051466591603e+00 -3.369609290983784367e-01 -9.372051989040409703e-01 9.002081652814687696e-02 -6.468840101154682554e-02 1.609978279328660999e-02 8.986281065522581935e-02 9.958240167093541650e-01 -9.460449462124460862e-02
-9.283425870587689310e-01 3.715228369948038734e-01 -1.228098710872911441e-02 -6.896159875426585373e+00 -3.714983649811711142e-01 -9.261128070174285964e-01 6.560513314227736648e-02 -1.445808645662082503e-01 1.300022574223074455e-02 6.546640565688444102e-02 9.977700856715535638e-01 -1.000847709679581199e-01
-9.140382100664324883e-01 4.055811573264145875e-01 6.170523504411447313e-03 -7.003136311815501003e+00 -4.045138000090520713e-01 -9.125485946445572871e-01 6.019674421827302113e-02 -2.002606279619631724e-01 3.004556773950119858e-02 5.252606242628249378e-02 9.981674592097266041e-01 -1.099817531368828538e-01
-9.015805106493030019e-01 4.325662361164066549e-01 6.247734743658524964e-03 -7.111854356252281129e+00 -4.310966197285576174e-01 -8.995375207358774494e-01 7.062544333993463208e-02 -2.574692845627239990e-01 3.617025402113405175e-02 6.098114594229982199e-02 9.974833394917483886e-01 -1.142419788152024829e-01
-9.114608799653740601e-01 4.102352387172570891e-01 3.075895328747913632e-02 -7.192037950247827993e+00 -4.083394413940221179e-01 -9.112606449550183507e-01 5.350642539155762989e-02 -3.345841655015185379e-01 4.997964480430226036e-02 3.620891976791669464e-02 9.980936575464630645e-01 -6.646986411050932742e-02
-9.099403883484689093e-01 4.108030359718585767e-01 5.700311648095573308e-02 -7.273249367308095792e+00 -4.071417291026511731e-01 -9.109811865992184510e-01 6.594611501508941542e-02 -4.061568712010150684e-01 7.901963095042262297e-02 3.679868609860711959e-02 9.961936330984429988e-01 -6.790208622384689974e-02
-9.118091224233764169e-01 4.075332195731928286e-01 5.020756128134440388e-02 -7.371649261897213812e+00 -4.032972633588867706e-01 -9.118213161147822321e-01 7.702729935509355919e-02 -4.501274644772246258e-01 7.717150790767843271e-02 4.998562216292076754e-02 9.957640262352526195e-01 -5.339988946501111888e-02
-9.158830371092527844e-01 3.983792797382384454e-01 4.951981230550529800e-02 -7.478553966140763620e+00 -3.940576248643163360e-01 -9.157182498175744367e-01 7.860454972411624885e-02 -4.970279567142014687e-01 7.666061975893410929e-02 5.247891411109474602e-02 9.956752045480978808e-01 -6.143491444142481356e-02
-9.090413409998183702e-01 4.142172111597665629e-01 4.547463394330326231e-02 -7.595773641211904348e+00 -4.087083885283123164e-01 -9.075474696943336417e-01 9.651447247953384712e-02 -5.813999776536593611e-01 8.124834459754948224e-02 6.914978113080313959e-02 9.942922177457288457e-01 -8.148835564604081649e-02
-8.849327710332111074e-01 4.642183624670754849e-01 3.735375081392111607e-02 -7.721050174136228073e+00 -4.545635726577526015e-01 -8.784031465798224358e-01 1.475800477411704503e-01 -6.394463017912788150e-01 1.013210203467259096e-01 1.136187661746642097e-01 9.883444879235404601e-01 -9.889898857271559041e-02
-8.577285232746996169e-01 5.134384370369193817e-01 2.612951844346714236e-02 -7.830523316833336800e+00 -4.992843378480333882e-01 -8.440436146360249525e-01 1.957179771298570570e-01 -7.323606124291812680e-01 1.225435854733040730e-01 1.548268321875693743e-01 9.803120532229058215e-01 -8.705242653968288391e-02
-8.267639879871024888e-01 5.616540192906105400e-01 -3.171861885966242856e-02 -7.972559595788798248e+00 -5.531375240705662666e-01 -8.013685193487687375e-01 2.277001881023505425e-01 -8.254538106740036962e-01 1.024704232095576539e-01 2.057990738838843536e-01 9.732145465187980182e-01 -1.081646705084752663e-01
-8.125692062678188110e-01 5.820008570983974394e-01 -3.172203275356152985e-02 -8.087111822359981161e+00 -5.760462348561081747e-01 -7.935730441878137142e-01 1.959912213508249734e-01 -9.005271462008316297e-01 8.889330870987251221e-02 1.775297886981714313e-01 9.800924210457878649e-01 -1.106117678314268160e-01
-7.939633635756370156e-01 6.078138277516276222e-01 -1.358411180665033968e-02 -8.190682844806532970e+00 -6.000735573225270958e-01 -7.798727617729660500e-01 1.780735837986483217e-01 -9.615099184254429776e-01 9.764170779922150267e-02 1.495353678516264939e-01 9.839234069070266209e-01 -1.165764173229192069e-01
-7.848539105798896243e-01 6.195430913859213407e-01 1.306510479985276835e-02 -8.283150092955828825e+00 -6.070087614710494295e-01 -7.728752333353025028e-01 1.849438757955639279e-01 -1.035654540533219148e+00 1.246783964640139353e-01 1.372232910729015987e-01 9.826622338536694645e-01 -7.696275327719889758e-02
-7.944289278398278809e-01 6.066511420102044250e-01 2.927576658221012901e-02 -8.384529463148176376e+00 -5.911132579022199129e-01 -7.833563902880221752e-01 1.921923050674587130e-01 -1.087575397105394304e+00 1.395270401875022825e-01 1.353778330918111727e-01 9.809205102167457557e-01 -7.213712525178384016e-02
-7.898744831626518526e-01 6.112355397684762215e-01 4.989404546109344613e-02 -8.447599518778080352e+00 -5.890102543375231869e-01 -7.787713747882778481e-01 2.158287888480646122e-01 -1.166776052054652624e+00 1.707782806266077980e-01 1.410895486360195239e-01 9.751556379019217236e-01 -8.387396928545742814e-02
-7.978505711230601261e-01 6.024195540569289298e-01 2.291608711054056446e-02 -8.546856254621664206e+00 -5.817993097723500595e-01 -7.793860976379503036e-01 2.325228460971192901e-01 -1.205148034299329929e+00 1.579367889600900576e-01 1.721859218941504677e-01 9.723209238694996426e-01 -7.177187999491702053e-02
-8.127773668529011397e-01 5.824884922883341032e-01 1.000541270151811268e-02 -8.654098123067718973e+00 -5.619696094070910641e-01 -7.884422092371126123e-01 2.500980623598320629e-01 -1.285103711450410469e+00 1.535679329629263401e-01 1.976513067120080902e-01 9.681688132348252873e-01 -7.925680433319128027e-02
-8.156949214873786547e-01 5.783716343271038118e-01 1.131581484002489035e-02 -8.765010320413846756e+00 -5.539980352988046475e-01 -7.866518662014003738e-01 2.725160881249366063e-01 -1.324205130456191482e+00 1.665171821307437350e-01 2.160210499179389398e-01 9.620846813288256305e-01 -1.011031228366325169e-01
-8.110810542417102864e-01 5.849092716576860251e-01 5.354192659093565121e-03 -8.852357422919000740e+00 -5.589432402931382438e-01 -7.777078017721404946e-01 2.876682624019405998e-01 -1.379839632154074458e+00 1.724238312437194331e-01 2.303295877468194974e-01 9.577151473311975582e-01 -9.419481956478899243e-02
-8.078949336873038067e-01 5.892822632441256925e-01 7.224288772543302484e-03 -8.977433767599357850e+00 -5.590950374720680127e-01 -7.702694488957395613e-01 3.067535088176852609e-01 -1.421293485036616122e+00 1.863290508656529898e-01 2.437855416626172611e-01 9.517615743870779799e-01 -9.922929724385118333e-02
-8.053280685474818457e-01 5.927161037271769795e-01 1.158975375306384170e-02 -9.105599413551511034e+00 -5.539862125974822638e-01 -7.593779317956300678e-01 3.412395536184050782e-01 -1.492400597217492741e+00 2.110591818933244268e-01 2.683892268409178161e-01 9.399049125599114873e-01 -1.433941381834288598e-01
-8.180860338994193626e-01 5.745818546398570037e-01 -2.430912292414305620e-02 -9.224834188468566509e+00 -5.498792076258111061e-01 -7.691361825771080296e-01 3.256722120039172164e-01 -1.533862419401595512e+00 1.684283175702023516e-01 2.797949695211416343e-01 9.451701840785787789e-01 -1.306397133266137267e-01
-8.132832674528220895e-01 5.810210329170947263e-01 -3.138289644397357359e-02 -9.332548477295629752e+00 -5.620086545218757612e-01 -7.704117070090306107e-01 3.010183946969718360e-01 -1.629698670435110852e+00 1.507202677935909896e-01 2.624506830080335917e-01 9.531017993188581894e-01 -1.337149136331676202e-01
-8.085950189874182570e-01 5.877941810361239083e-01 -2.592481453761358301e-02 -9.445774531090554760e+00 -5.681349073030378394e-01 -7.685783785799228385e-01 2.941258286571002412e-01 -1.672315304624048649e+00 1.529601986547672876e-01 2.525574721118535315e-01 9.554150411773746354e-01 -1.470647866130536940e-01
