9.999927205407130870e-01 2.493905137817362810e-04 3.807449271471760946e-03 0.000000000000000000e+00 2.710505431213761085e-20 9.978617085455918634e-01 -6.536061978341506373e-02 0.000000000000000000e+00 -3.815608153780358953e-03 6.536014399344439174e-02 9.978544446519106437e-01 0.000000000000000000e+00
9.999733632972021002e-01 3.877018159249672347e-03 6.183965254965347914e-03 9.800118394196033478e-03 -3.442601663698029255e-03 9.976262252048243573e-01 -6.877545548637277462e-02 -3.944372758269309998e-03 -6.435929603940204226e-03 6.875233460593020707e-02 9.976129987607255112e-01 -2.440700121223926544e-02
9.999782471374792925e-01 5.775842682738700426e-03 3.185104889728975191e-03 1.564667560160160065e-02 -5.548280234452951029e-03 9.977146891869245193e-01 -6.733955425363752356e-02 -7.602671161293983459e-03 -3.566768606778455714e-03 6.732041757106729807e-02 9.977250320302497588e-01 -2.060309424996376038e-02
9.999781364345674550e-01 3.403619674199573428e-03 5.669393791481029156e-03 2.527524158358573914e-02 -3.018317728602256615e-03 9.977727679973042996e-01 -6.663627541427143142e-02 -1.225808169692754745e-02 -5.883571274208154213e-03 6.661770647591248873e-02 9.977612263327084730e-01 -1.485106348991394043e-02
9.998975574625050822e-01 1.304873747771326253e-02 -5.882604079309028573e-03 8.848994970321655273e-03 -1.336184898650794040e-02 9.982978879724759835e-01 -5.676960332216061944e-02 -1.574386656284332275e-02 5.131819577687682550e-03 5.684239016729886185e-02 9.983699750632981651e-01 -1.054680906236171722e-03
9.984308069262398666e-01 5.570605214265915428e-02 -5.723594613269002672e-03 3.364702686667442322e-02 -5.595622631796182134e-02 9.964466927204795876e-01 -6.295148372096674716e-02 -5.076111108064651489e-02 2.196478288246719000e-03 6.317297144426121946e-02 9.980001759328661626e-01 -1.539885625243186951e-02
9.876314407846230603e-01 1.555461609981600990e-01 1.973648835087465567e-02 -1.126790978014469147e-02 -1.545965856662356308e-01 9.870457609393399334e-01 -4.290176583803587129e-02 -9.174831211566925049e-02 -2.615402213870798506e-02 3.931993909473723015e-02 9.988843324006809743e-01 -4.499228671193122864e-02
9.669208687006330960e-01 2.547951551697109074e-01 1.197758628673040691e-02 -2.675954438745975494e-02 -2.543780160882213592e-01 9.666820517253529310e-01 -2.859433166001214971e-02 -1.528379619121551514e-01 -1.886421485866097286e-02 2.460162137146899852e-02 9.995193352925501040e-01 -1.878825947642326355e-02
9.281355984451828967e-01 3.717861215938838004e-01 1.842255924078210066e-02 5.537195596843957901e-03 -3.713211616115804636e-01 9.281838649551903409e-01 -2.439892981816061887e-02 -2.124897241592407227e-01 -2.617070572661039235e-02 1.580482923105515705e-02 9.995325415086535603e-01 -1.262547634541988373e-02
8.893207395608695442e-01 4.561052056623811080e-01 3.281255178411297130e-02 3.970149531960487366e-02 -4.561885419005614617e-01 8.898671448733418421e-01 -5.336545100225957572e-03 -2.552487850189208984e-01 -3.163283777260241653e-02 -1.022280991919827589e-02 9.994472761140570372e-01 -6.857495754957199097e-02
8.753784557269576050e-01 4.798302820486965992e-01 5.895302942305111898e-02 1.491847932338714600e-01 -4.820953929118677594e-01 8.755148292928934817e-01 3.252408063861906423e-02 -2.265885919332504272e-01 -3.600821270541839508e-02 -5.689186336642413494e-02 9.977307875877428067e-01 -4.840109497308731079e-02
9.119501733080086492e-01 4.046340188827395878e-01 6.795728192251154764e-02 3.243340551853179932e-01 -4.085767567518269749e-01 9.107434934541025484e-01 6.009428403080870063e-02 -1.821500360965728760e-01 -3.757546068448653492e-02 -8.256875858228603093e-02 9.958767418011773565e-01 -5.801825597882270813e-02
9.693872435418006139e-01 2.453319725078808855e-01 1.002972202118075640e-02 4.701290726661682129e-01 -2.454594681500394671e-01 9.672468724923442007e-01 6.467717641702157294e-02 -1.558174043893814087e-01 6.166162009673418522e-03 -6.515911999997504866e-02 9.978558350417655598e-01 -1.019075363874435425e-01
9.981530856241905836e-01 5.992807034216932061e-02 9.952087417792384108e-03 6.010971069335937500e-01 -6.033459198363060050e-02 9.970520149362847029e-01 4.740270584748922100e-02 -7.351215928792953491e-02 -7.081996122294447263e-03 -4.791561224234515415e-02 9.988262809089302197e-01 -8.925291150808334351e-02
9.869881331060064156e-01 -1.607836569899133150e-01 1.743775464363955634e-03 7.371245026588439941e-01 1.600560255082393302e-01 9.834431397732661395e-01 8.498034791294950541e-02 8.413636125624179840e-03 -1.537835512745283975e-02 -8.359549316709605216e-02 9.963811016452108760e-01 -4.558176547288894653e-02
9.101945825509941690e-01 -4.110771074972403571e-01 -5.061060745065006083e-02 8.780452609062194824e-01 4.141808245619859052e-01 9.032975154658320349e-01 1.118384688665237936e-01 1.348911523818969727e-01 -2.577983221820380477e-04 -1.227567116086012156e-01 9.924367603505362956e-01 -3.018353134393692017e-02
7.683515754247487450e-01 -6.368617237502461892e-01 -6.358460005513755231e-02 9.683056473731994629e-01 6.397211821612888150e-01 7.611080778688656956e-01 1.071041684386000864e-01 2.415791004896163940e-01 -1.981579260261722569e-02 -1.229700720688813725e-01 9.922125254898288560e-01 -2.537635900080204010e-02
5.977808994517889163e-01 -7.961170963165492553e-01 -9.410401268339435576e-02 9.917194843292236328e-01 8.013371649368202787e-01 5.900806734652394026e-01 9.830334121396260005e-02 3.597346246242523193e-01 -2.273201138547609884e-02 -1.341729024628884881e-01 9.906971726532052269e-01 -3.879475221037864685e-02
4.173460217998913313e-01 -8.954347521643285512e-01 -1.549803300558232344e-01 9.552984237670898438e-01 9.077220349923612597e-01 4.188681227292126996e-01 2.429409291641979052e-02 4.545310139656066895e-01 4.316254484076491316e-02 -1.508181036139644160e-01 9.876188001173107356e-01 -2.481406927108764648e-02
2.481099145208510715e-01 -9.551499067010821298e-01 -1.616481550942351075e-01 8.877658247947692871e-01 9.639127597263036362e-01 2.600379104350879489e-01 -5.703048985739150867e-02 5.407538414001464844e-01 9.650731554279642910e-02 -1.416648893179500990e-01 9.851991662507921799e-01 2.516281092539429665e-04
7.161523386298696003e-02 -9.859848919054344796e-01 -1.506819538397960179e-01 7.949118018150329590e-01 9.905046070309760919e-01 8.807585152246966143e-02 -1.055616778428782737e-01 5.965228676795959473e-01 1.173536609107761336e-01 -1.416913452290597952e-01 9.829301505997350974e-01 1.277220901101827621e-02
-8.491767413583495294e-02 -9.885650548034232710e-01 -1.246118816199527773e-01 6.876820921897888184e-01 9.897674579479274204e-01 -6.929803572612647233e-02 -1.247323592008043741e-01 6.455301046371459961e-01 1.146706928847041201e-01 -1.339287671338965369e-01 9.843341493249821994e-01 4.153728950768709183e-03
-2.325474793191671941e-01 -9.660157908573094865e-01 -1.128501735781933524e-01 5.850993990898132324e-01 9.693384577276211722e-01 -2.207329679312112214e-01 -1.079810688894853321e-01 7.044049501419067383e-01 7.940166391542682889e-02 -1.345007385950194312e-01 9.877271521451942426e-01 1.054102368652820587e-02
-3.512627883679617646e-01 -9.298610098525428302e-01 -1.094210028466827134e-01 4.700530469417572021e-01 9.349243880418061092e-01 -3.420722947325759433e-01 -9.435535925979121608e-02 7.728992104530334473e-01 5.030747611060445296e-02 -1.354438907164106087e-01 9.895070036715162276e-01 -5.488814786076545715e-03
-4.552248986481416404e-01 -8.869391910045036909e-01 -7.816113555384295031e-02 3.466051220893859863e-01 8.892951462584950395e-01 -4.485916879883417030e-01 -8.899236095785210965e-02 8.477779030799865723e-01 4.386837690035413906e-02 -1.100198569715818558e-01 9.929608232856326211e-01 -1.867634803056716919e-02
-5.798993645424270760e-01 -8.142329628010968046e-01 -2.722883198811195532e-02 2.163084596395492554e-01 8.138784661872294768e-01 -5.775096961376863236e-01 -6.390925710474187893e-02 9.330623745918273926e-01 3.631210927517238701e-02 -5.922189759797274328e-02 9.975841806909747644e-01 -3.041877038776874542e-02
-7.033890785085172848e-01 -7.102246275202349635e-01 -2.871903025317828692e-02 7.896618545055389404e-02 7.102938961757306879e-01 -7.007773473716292223e-01 -6.628491884496574837e-02 9.721604585647583008e-01 2.695153595696695228e-02 -6.702303987829098808e-02 9.973873504486776564e-01 -8.203044533729553223e-03
-7.961540261909899607e-01 -6.047023356414603645e-01 -2.176813840546691636e-02 -1.059753969311714172e-01 6.039917653693781530e-01 -7.920189035746033612e-01 -8.888196524866984194e-02 1.011784076690673828e+00 3.650635486951563785e-02 -8.391151083281905843e-02 9.958042701273652764e-01 -2.836616709828376770e-02
-8.502967887117346413e-01 -5.261179424485369349e-01 1.397432432109392553e-02 -3.174301981925964355e-01 5.203148258120997571e-01 -8.443191989835586719e-01 -1.280530056964202246e-01 9.906659126281738281e-01 7.916977419847383290e-02 -1.016120114035797134e-01 9.916688691251134280e-01 -1.655696146190166473e-02
-9.052086239827489278e-01 -4.223804647397120804e-01 4.681976157055863647e-02 -5.128908157348632812e-01 4.181716509844431440e-01 -9.049347605101526471e-01 -7.890215163972844059e-02 1.011711597442626953e+00 7.569555720254762810e-02 -5.184421112041825985e-02 9.957822856393345745e-01 -1.949417404830455780e-02
-9.494282725220578589e-01 -3.138616011416340834e-01 8.766451083046638768e-03 -7.199280858039855957e-01 3.135639849924298783e-01 -9.492322484825644890e-01 -2.521439581672944505e-02 1.001021742820739746e+00 1.623522871563039260e-02 -2.119041692712352390e-02 9.996436282891048020e-01 -2.127466909587383270e-02
-9.754201782219785732e-01 -2.202680712581736311e-01 6.119861240917618198e-03 -9.367258548736572266e-01 2.201443819272125568e-01 -9.753289238928374294e-01 -1.642989117205545524e-02 1.008196353912353516e+00 9.587858117928014026e-03 -1.467879430485192691e-02 9.998462911740315651e-01 -5.519576370716094971e-02
-9.915320025978382468e-01 -1.268340050222369897e-01 2.788230611587666150e-02 -1.159579515457153320e+00 1.270567214851659743e-01 -9.918750656552537404e-01 6.359532752253903472e-03 1.000493168830871582e+00 2.684915920026659589e-02 9.848314647957935944e-03 9.995909830269746887e-01 -5.492169782519340515e-02
-9.995335381704514299e-01 -3.053416105047725496e-02 -6.091645125697325728e-04 -1.370161175727844238e+00 3.049436163229657035e-02 -9.989264235056194430e-01 3.487254408430118940e-02 9.520574808120727539e-01 -1.673314405177746787e-03 3.483770129064673454e-02 9.993915822077376054e-01 -3.722185641527175903e-02
-9.987646728635551918e-01 4.958205463482648345e-02 3.278429188741004835e-03 -1.570781230926513672e+00 -4.937055934595040163e-02 -9.976481916375943282e-01 4.754612068409957287e-02 9.069476127624511719e-01 5.628153304992444816e-03 4.732552778816156297e-02 9.988636635246811446e-01 -5.729364603757858276e-02
-9.982629975976441417e-01 3.949326811725759057e-02 4.371806721235892146e-02 -1.781017541885375977e+00 -3.815631060365687333e-02 -9.987906646733898386e-01 3.100490481206900906e-02 8.189756274223327637e-01 4.488968242796098629e-02 2.928292906637931792e-02 9.985626802944371772e-01 -4.823857545852661133e-02
-9.989303325233104269e-01 3.631038230717083953e-02 2.863122249532177796e-02 -1.969001293182373047e+00 -3.511228681356442366e-02 -9.985299189578404899e-01 4.129319872293030214e-02 7.793091535568237305e-01 3.008850411023311980e-02 4.024372103516916932e-02 9.987367645369084057e-01 -1.823846437036991119e-02
-9.995449572212425915e-01 2.778874333203285724e-02 1.173304042486015761e-02 -2.189120054244995117e+00 -2.746467146636223655e-02 -9.992598864428663408e-01 2.693271555998722616e-02 7.454769015312194824e-01 1.247278296250645124e-02 2.659821592168898352e-02 9.995683891535153132e-01 -5.832716077566146851e-02
-9.960045525011285150e-01 7.855997183763087366e-02 4.246483512152724599e-02 -2.411438465118408203e+00 -7.473608409470743064e-02 -9.935599020998069353e-01 8.516594785248411681e-02 7.283546924591064453e-01 4.888199189084532076e-02 8.165201629043748743e-02 9.954614503357170907e-01 -5.424585565924644470e-02
-9.943879807269082605e-01 1.054801150632782014e-01 8.154085607888886950e-03 -2.647160053253173828e+00 -1.041105464037662132e-01 -9.893444921360244892e-01 1.017765690501609976e-01 6.909753680229187012e-01 1.880260389872714932e-02 1.003564706750418867e-01 9.947738641923987712e-01 -5.019123479723930359e-02
-9.937996199910209549e-01 1.099558323446667291e-01 1.649333923419917663e-02 -2.854220628738403320e+00 -1.088646662266427451e-01 -9.924393786208488555e-01 5.667948667750654507e-02 6.541473269462585449e-01 2.260087947546517151e-02 5.453251045069824193e-02 9.982561823253988109e-01 -7.100489735603332520e-02
-9.988572174983516572e-01 4.103285862859739480e-02 2.450639843422007871e-02 -3.080075502395629883e+00 -3.916141745365577659e-02 -9.965994451891035943e-01 7.249778777171171640e-02 6.196650266647338867e-01 2.739785455964954472e-02 7.145523326906987049e-02 9.970674536880597127e-01 -6.093885377049446106e-02
-9.992400631807935030e-01 -3.178621330521031602e-02 2.255953851833195078e-02 -3.291445493698120117e+00 3.340751673008190287e-02 -9.965815470135862553e-01 7.555897020167223754e-02 6.211571693420410156e-01 2.008068625255945289e-02 7.625520831866874905e-02 9.968861064554479512e-01 -3.292119875550270081e-02
-9.944419084586789692e-01 -1.046673922947892466e-01 1.140296852881626626e-02 -3.525853157043457031e+00 1.051862989334901577e-01 -9.923784708433671664e-01 6.419355982693983331e-02 6.171417236328125000e-01 4.597087962496393052e-03 6.503620220145966968e-02 9.978723160732919650e-01 -5.771897733211517334e-02
-9.924487887332356095e-01 -9.491685372827439460e-02 7.769293803337978810e-02 -3.769325971603393555e+00 9.899323591479332329e-02 -9.938105298264602316e-01 5.040803556148756859e-02 6.361886262893676758e-01 7.242748777260815674e-02 5.771846917907198782e-02 9.957021830500188964e-01 -4.657429084181785583e-02
-9.948681516032639172e-01 -7.256672761236822311e-02 7.050837517016472766e-02 -4.013003349304199219e+00 7.446118415363238430e-02 -9.969199770866917776e-01 2.461892239534491447e-02 6.259781718254089355e-01 6.850469312348747564e-02 2.974271892584004137e-02 9.972073393687770348e-01 -2.130739390850067139e-02
-9.940713567995301814e-01 -4.947075392446762671e-02 9.682345840180364704e-02 -4.237619400024414062e+00 4.976105101608675058e-02 -9.987609805958878040e-01 5.843294574136149826e-04 5.974811315536499023e-01 9.667458503927203739e-02 5.398902229635189898e-03 9.953013998092232750e-01 -1.403687894344329834e-02
-9.885668013563907452e-01 -6.926423749978213862e-02 1.339333590244314309e-01 -4.474233150482177734e+00 6.896010811933112050e-02 -9.975954591345392863e-01 -6.914000456839037960e-03 5.714432597160339355e-01 1.340902037591248930e-01 2.401107602915988383e-03 9.909662213910802597e-01 -2.778317034244537354e-02
-9.928419414649274355e-01 -4.541288628658050192e-02 1.104651484735141437e-01 -4.710502147674560547e+00 4.824137512331602012e-02 -9.985693084690312471e-01 2.306742096316870966e-02 5.271047949790954590e-01 1.092595487560008155e-01 2.823129367922478511e-02 9.936122709904666728e-01 -1.546895597130060196e-02
-9.965779950471197468e-01 6.317148840656576329e-03 8.241597793139560091e-02 -4.962841987609863281e+00 -4.301974256491185138e-03 -9.996879710233057548e-01 2.460596693493062245e-02 4.727767705917358398e-01 8.254570131363464514e-02 2.416721377882446661e-02 9.962942100468158424e-01 -4.390881955623626709e-02
-9.881626924472897144e-01 1.069032208912789050e-01 1.100281537534499726e-01 -5.232088088989257812e+00 -9.816337204052505427e-02 -9.917852324214211368e-01 8.201222555461075425e-02 4.364189505577087402e-01 1.178916691075152373e-01 7.024068702580661683e-02 9.905391462436943240e-01 -3.852686285972595215e-02
-9.830675642983641715e-01 1.736604845280519394e-01 5.848247718731214295e-02 -5.492467880249023438e+00 -1.696506255810242281e-01 -9.831746431859438307e-01 6.772212515980094438e-02 3.534236848354339600e-01 6.925914570978611295e-02 5.665383578959898303e-02 9.959887115956063131e-01 -5.705266445875167847e-02
-9.774059412646405320e-01 1.958612538835184935e-01 7.947323579519435799e-02 -5.710104942321777344e+00 -1.960611196860522210e-01 -9.805770437980882992e-01 5.357100302790346671e-03 2.926354706287384033e-01 7.897887899960437386e-02 -1.034554993118156317e-02 9.968226052154853800e-01 -6.349091976881027222e-02
-9.773949364553208285e-01 1.732894978276127151e-01 1.211193136297959300e-01 -5.948854446411132812e+00 -1.738267375181590801e-01 -9.847567501996820072e-01 6.197439790257231948e-03 2.207294553518295288e-01 1.203470129055644461e-01 -1.499642886872197718e-02 9.926186093389006704e-01 -4.402438178658485413e-02
-9.803722418063208766e-01 1.808638855094671649e-01 7.847625382284152684e-02 -6.192996025085449219e+00 -1.787151753487454531e-01 -9.833252971393973141e-01 3.364886485132981275e-02 1.446440815925598145e-01 8.325355004872685150e-02 1.896351560587434745e-02 9.963479469944974687e-01 -5.678230524063110352e-02
-9.654896057075654792e-01 2.492046163150809790e-01 7.567615527960593058e-02 -6.464937686920166016e+00 -2.453530241578584514e-01 -9.677760829285401156e-01 5.666874666061379184e-02 5.304580181837081909e-02 8.735968639620377008e-02 3.614571231480692703e-02 9.955208549668922435e-01 -1.147039830684661865e-01
-9.442042319881011059e-01 3.293569550254920042e-01 -1.537684004215410238e-03 -6.716268062591552734e+00 -3.279640881267632535e-01 -9.397611871206896783e-01 9.637669884724947567e-02 -5.288492888212203979e-02 3.029728032252095027e-02 9.150359204888527942e-02 9.953437433606592277e-01 -7.058103382587432861e-02
-9.201659423829587903e-01 3.914435337564108885e-01 8.160781750315778890e-03 -6.932178497314453125e+00 -3.904019259703001565e-01 -9.188988436344973643e-01 5.666790419509981636e-02 -1.812445968389511108e-01 2.968121758221828332e-02 4.895789055380465882e-02 9.983597298946701448e-01 -9.151499718427658081e-02
-9.105504868674799690e-01 4.121407497773329487e-01 3.221510885241826716e-02 -7.149336814880371094e+00 -4.100431941076621012e-01 -9.103224819671853485e-01 5.636983050435485920e-02 -3.252133727073669434e-01 5.255844205626242216e-02 3.811799047800602802e-02 9.978900886222575872e-01 -8.571626991033554077e-02
-9.124724197420279737e-01 4.060731798490174738e-01 4.998655636704540245e-02 -7.329654693603515625e+00 -4.021693673197296315e-01 -9.126645897311305156e-01 7.282270690214449893e-02 -4.449170529842376709e-01 7.519230811576832485e-02 4.634564983053761356e-02 9.960914604302200104e-01 -3.763945773243904114e-02
-9.105746714445687173e-01 4.105200325887331525e-01 4.823971980600262610e-02 -7.577280044555664062e+00 -4.051686003856761475e-01 -9.095615147840053760e-01 9.239186157524013898e-02 -5.767555832862854004e-01 8.180570264430502003e-02 6.458446924123108224e-02 9.945535045173286015e-01 -1.082663908600807190e-01
-8.627782114917237344e-01 5.046282647770405916e-01 3.104951148175218861e-02 -7.819621562957763672e+00 -4.911514254998548545e-01 -8.511376721992633954e-01 1.852968974178461903e-01 -7.138426899909973145e-01 1.199334607380398710e-01 1.446201139237980604e-01 9.821919301460710905e-01 -8.614309877157211304e-02
-8.173034961431869805e-01 5.756032872670575617e-01 -2.637898556580945547e-02 -8.025238990783691406e+00 -5.682011316475401586e-01 -7.974970780364584177e-01 2.028444835773608179e-01 -8.757794499397277832e-01 9.572078764081862201e-02 1.807740750513432693e-01 9.788555892483592480e-01 -8.660773187875747681e-02
-7.877412539535060265e-01 6.158764725028482712e-01 1.264466042275324414e-02 -8.242222785949707031e+00 -6.040118556806552963e-01 -7.762711776995051549e-01 1.804791868062211591e-01 -1.037074327468872070e+00 1.209685703683790470e-01 1.345333761208427625e-01 9.834975219554741299e-01 -9.928012639284133911e-02
-7.905667007791639112e-01 6.109232825887755958e-01 4.215488595766180013e-02 -8.413358688354492188e+00 -5.902714651252680689e-01 -7.785507934860892432e-01 2.131625187997434612e-01 -1.149343490600585938e+00 1.630456656216840439e-01 1.436363629208720072e-01 9.761069132881118326e-01 -5.531376972794532776e-02
-8.096665430639804484e-01 5.867791571000871009e-01 1.141533336065003734e-02 -8.627725601196289062e+00 -5.661292225087088958e-01 -7.860048517452299377e-01 2.483829230334563265e-01 -1.260748505592346191e+00 1.547184296213874044e-01 1.946447888484827971e-01 9.685946591374646752e-01 -9.798781573772430420e-02
-8.116535985329493830e-01 5.839945621228604944e-01 1.299182048225151764e-02 -8.846012115478515625e+00 -5.572445717401183218e-01 -7.807634445807126733e-01 2.826427619321489892e-01 -1.388474941253662109e+00 1.752053745028581688e-01 2.221683933807635791e-01 9.591372590656269681e-01 -1.388908028602600098e-01
-8.051790620999458303e-01 5.927396317385096314e-01 1.861201016406616171e-02 -9.084081649780273438e+00 -5.533846131721560369e-01 -7.622614081240869366e-01 3.357424840394599985e-01 -1.493880510330200195e+00 2.131950934242028972e-01 2.600332183610005177e-01 9.417699174897580239e-01 -1.362349838018417358e-01
-8.128896100411310277e-01 5.815311228406269128e-01 -3.212530240942690352e-02 -9.306982040405273438e+00 -5.623470185936377819e-01 -7.693261394577870504e-01 3.031552767573474916e-01 -1.607500314712524414e+00 1.515793936062029557e-01 2.644973427365516216e-01 9.523995186471269081e-01 -1.378132700920104980e-01
-8.244789613254255300e-01 5.657899132283420451e-01 -1.078037201647945309e-02 -9.515220642089843750e+00 -5.450708716540370036e-01 -7.888785081527630583e-01 2.838458106947862047e-01 -1.692775011062622070e+00 1.520926928095393538e-01 2.399009659499877767e-01 9.588093341901745559e-01 -1.479375213384628296e-01
-8.732942876758982287e-01 4.871604617899107925e-01 -5.636628539049712283e-03 -9.718060493469238281e+00 -4.676742377636273762e-01 -8.350086255547773950e-01 2.898989523632891085e-01 -1.809226989746093750e+00 1.365206740565564902e-01 2.558032050576444227e-01 9.570406604932625294e-01 -1.327074617147445679e-01
-9.168919304442638696e-01 3.990292191932892085e-01 9.212497825503762616e-03 -9.926731109619140625e+00 -3.818868580702627358e-01 -8.837465372114987616e-01 2.704708590586197836e-01 -1.860426664352416992e+00 1.160672887570566580e-01 2.444744162416155886e-01 9.626840833232402916e-01 -1.293777972459793091e-01
-9.269267179287281611e-01 3.736444120597609553e-01 3.459353879544573018e-02 -1.018312835693359375e+01 -3.474279782476780154e-01 -8.893963749133345642e-01 2.970991218798041400e-01 -1.969015240669250488e+00 1.417767947183438682e-01 2.633703506994196086e-01 9.542197854015904701e-01 -1.753844469785690308e-01
-9.342960461185768617e-01 3.564780321238267824e-01 -3.782964488075926668e-03 -1.042457485198974609e+01 -3.367606745906371879e-01 -8.790374289622112647e-01 3.374691786411976313e-01 -2.024852514266967773e+00 1.169749813270046790e-01 3.165700729643114997e-01 9.413289768443959815e-01 -1.516325622797012329e-01
-9.303245438704040859e-01 3.666859344236028107e-01 -6.137472461384414768e-03 -1.066498470306396484e+01 -3.495912560229328947e-01 -8.816476760628783049e-01 3.169910550871026800e-01 -2.116197586059570312e+00 1.108250729060585027e-01 2.970501654414884340e-01 9.484086684686887647e-01 -1.732391566038131714e-01
-9.467728187755842795e-01 3.191450673915284253e-01 4.204349637448943217e-02 -1.091142654418945312e+01 -2.886196249477669951e-01 -8.994480244802620650e-01 3.281645370139261719e-01 -2.198076725006103516e+00 1.425480330370967608e-01 2.985626855757614329e-01 9.436844711337809555e-01 -1.435968130826950073e-01
-9.560134861522214811e-01 2.893770821921020087e-01 4.794912509172604559e-02 -1.114441680908203125e+01 -2.590076497020936674e-01 -9.095405523737459808e-01 3.250400298170348368e-01 -2.254066467285156250e+00 1.376708091458536953e-01 2.983234618491258372e-01 9.444839122078676485e-01 -1.483114808797836304e-01
-9.639455327147735675e-01 2.554799693557800455e-01 7.442442621344962095e-02 -1.141189765930175781e+01 -2.258138654264032485e-01 -9.333257520099941251e-01 2.791256685010630179e-01 -2.319855690002441406e+00 1.407732507986433901e-01 2.522558738522232558e-01 9.573661086369380513e-01 -2.042269706726074219e-01
-9.495253763398222580e-01 3.009885025862447661e-01 8.835995132190362089e-02 -1.167206859588623047e+01 -2.601805568890012132e-01 -9.130186565723532599e-01 3.141703527829200482e-01 -2.368580102920532227e+00 1.752359480918463386e-01 2.753231811193989076e-01 9.452457397072183687e-01 -1.593319177627563477e-01
-9.499313236648209147e-01 3.115573027731221578e-01 2.371766027961050294e-02 -1.194165802001953125e+01 -2.903678228342304046e-01 -9.082583029851410972e-01 3.012530207666990756e-01 -2.434306859970092773e+00 1.153993404786652077e-01 2.792828353968236921e-01 9.532492276785751173e-01 -1.848715394735336304e-01
-9.565593841247195250e-01 2.907039556361620813e-01 2.203076985548927530e-02 -1.219831943511962891e+01 -2.725862851370112749e-01 -9.186221175453526122e-01 2.860596481709649641e-01 -2.466699838638305664e+00 1.033966237269922372e-01 2.676277551637359364e-01 9.579585183440242346e-01 -2.012520283460617065e-01
-9.701386811389394182e-01 2.415809182932306121e-01 2.167023937565983743e-02 -1.244598484039306641e+01 -2.188296386636575941e-01 -9.102948385779695561e-01 3.513927946054686280e-01 -2.479465723037719727e+00 1.046161010568259220e-01 3.361576516679450344e-01 9.359772992037577177e-01 -1.889787614345550537e-01
-9.869213209564152711e-01 1.569133387770275945e-01 3.693927930389690611e-02 -1.267325687408447266e+01 -1.364398644779212522e-01 -9.351279183763494540e-01 3.269861459670164172e-01 -2.461090803146362305e+00 8.585143925929270003e-02 3.176696088500790549e-01 9.443069151447244236e-01 -2.211813330650329590e-01
-9.870196912515940557e-01 1.445468100309300896e-01 6.998820465971776483e-02 -1.293442726135253906e+01 -1.119623047035977204e-01 -9.317558914565648998e-01 3.453916632772728867e-01 -2.443603277206420898e+00 1.151371851621667691e-01 3.330723321530393299e-01 9.358452062959281559e-01 -2.469768822193145752e-01
-9.906948836528806090e-01 1.316536753807099336e-01 3.451024866261524771e-02 -1.318523406982421875e+01 -1.128531577253596291e-01 -9.363566933158352645e-01 3.324158655570600418e-01 -2.418166160583496094e+00 7.607767277868054956e-02 3.254281067169597641e-01 9.425013183349905121e-01 -2.102589905261993408e-01
-9.899345071841866295e-01 1.366831540568603232e-01 3.670676889988942065e-02 -1.343484401702880859e+01 -1.185817966590200778e-01 -9.426365211973415370e-01 3.120492691965362497e-01 -2.421965837478637695e+00 7.725301927510738742e-02 3.045555849135624382e-01 9.493565540463907437e-01 -2.275798022747039795e-01
-9.947019930272595900e-01 6.778237243347728924e-02 7.728838887495925736e-02 -1.367689704895019531e+01 -4.596342679122663449e-02 -9.657397016534460255e-01 2.554098511176118858e-01 -2.404586553573608398e+00 9.195275126501162299e-02 2.505042487416181962e-01 9.637387160933156283e-01 -2.129796296358108521e-01
-9.957522267011986727e-01 2.688417027874944951e-02 8.806102661239002816e-02 -1.389677238464355469e+01 -4.486201290881824261e-03 -9.694528664742472213e-01 2.452366483273721032e-01 -2.379806756973266602e+00 9.196399848626933549e-02 2.437998791494546402e-01 9.654554582730001666e-01 -1.856207251548767090e-01
-9.984052458304364386e-01 -8.318503036313085880e-03 5.583697346293563235e-02 -1.416748237609863281e+01 2.099441908067165019e-02 -9.728550760568338562e-01 2.304609193722811367e-01 -2.336602687835693359e+00 5.240419320751783794e-02 2.312656556812679454e-01 9.714782535067794100e-01 -2.359722852706909180e-01
-9.954858968211368619e-01 3.924380044180163229e-02 8.641616374903650366e-02 -1.444920063018798828e+01 -1.612422485962678592e-02 -9.672044972556623765e-01 2.534866265922072204e-01 -2.316239833831787109e+00 9.352988080229994450e-02 2.509489681495122859e-01 9.634712122226603004e-01 -2.281137704849243164e-01
-9.990986967592245804e-01 3.543468184425420386e-02 2.337043980363258042e-02 -1.470284748077392578e+01 -2.894499112657390738e-02 -9.714421614444122000e-01 2.355043830948606032e-01 -2.290738821029663086e+00 3.104805344464110425e-02 2.346156650584201309e-01 9.715922540276316077e-01 -2.230601608753204346e-01
-9.985685830212871483e-01 4.827583081085370931e-02 2.302670541741139165e-02 -1.495326423645019531e+01 -4.345117693489575217e-02 -9.832366860611116977e-01 1.770808132083626363e-01 -2.290786981582641602e+00 3.118942490381632765e-02 1.758267992744122765e-01 9.839269060408322165e-01 -2.212505489587783813e-01
-9.997864677223873286e-01 9.902161459825926937e-03 1.813742422768599774e-02 -1.522852420806884766e+01 -6.695760523399926084e-03 -9.855937513040383680e-01 1.689974088009824071e-01 -2.260527372360229492e+00 1.954957161179733324e-02 1.688398785502306376e-01 9.854495977273208807e-01 -2.327143400907516479e-01
-9.997648011923775391e-01 -2.033850001971303223e-02 7.529124365653801394e-03 -1.546634578704833984e+01 2.134088759501855809e-02 -9.844127652648322346e-01 1.745739788751534405e-01 -2.242855787277221680e+00 3.861193264022395703e-03 1.746935974802564517e-01 9.846152741990060742e-01 -2.407831847667694092e-01
-9.995709230658775812e-01 1.947663859615029677e-02 2.187762121950987196e-02 -1.578339385986328125e+01 -1.453131802882349881e-02 -9.782416428712831236e-01 2.069592446566185795e-01 -2.219181776046752930e+00 2.543247053619819217e-02 2.065525325467781892e-01 9.781049231759021412e-01 -2.903421223163604736e-01
-9.982064034867645930e-01 5.948466683464811999e-02 6.749107317920401659e-03 -1.606138992309570312e+01 -5.598327874382072467e-02 -9.674506186838351951e-01 2.467897342057721044e-01 -2.200092792510986328e+00 2.120963316772741039e-02 2.459692558427473141e-01 9.690455493118244057e-01 -2.568732798099517822e-01
-9.942832637561910269e-01 1.042409980887382265e-01 -2.312154259127874312e-02 -1.634869956970214844e+01 -1.067741550885399487e-01 -9.701471575145804715e-01 2.177470380315379983e-01 -2.221290349960327148e+00 2.668697529925826567e-04 2.189710188217685594e-01 9.757313265938998281e-01 -2.874101698398590088e-01
-9.980836795187327803e-01 6.187555918490964674e-02 -6.195594423826474365e-04 -1.660692024230957031e+01 -6.104760613539116781e-02 -9.829942102249726865e-01 1.731922990473904744e-01 -2.233425855636596680e+00 1.010734700532502431e-02 1.728982297183442318e-01 9.848878330534786008e-01 -2.964040040969848633e-01
-9.997055229938441867e-01 2.200377248546935699e-02 1.023236492763954751e-02 -1.685431861877441406e+01 -1.986576499235707255e-02 -9.842518148605410300e-01 1.756522596638022127e-01 -2.238041877746582031e+00 1.393623610854546370e-02 1.753972603552833576e-01 9.843990971059389805e-01 -2.538666427135467529e-01
-9.998357860110399509e-01 1.734880878153996150e-02 5.236396236797726325e-03 -1.712102317810058594e+01 -1.622687118194638192e-02 -9.857367327423051107e-01 1.675105440686382452e-01 -2.238797426223754883e+00 8.067816515743616440e-03 1.673980661668116321e-01 9.858563778666140642e-01 -2.887347936630249023e-01
-9.960113288068732640e-01 8.491200870520147770e-02 2.741137840413747709e-02 -1.741746711730957031e+01 -7.785110280281322404e-02 -9.771057082486542811e-01 1.979990926754006952e-01 -2.244793176651000977e+00 4.359631499052223080e-02 1.950753333600737383e-01 9.798188483764247447e-01 -3.084678351879119873e-01
-9.949594444503747637e-01 9.437527318452242076e-02 -3.389707524770152469e-02 -1.770689773559570312e+01 -9.901679060483160877e-02 -9.780588354386438033e-01 1.832937249300225502e-01 -2.254051446914672852e+00 -1.585493857826344999e-02 1.857262023295329079e-01 9.824736122109991587e-01 -2.822722792625427246e-01
-9.933907664892247524e-01 1.074216358145000660e-01 -4.043979738928837192e-02 -1.797945976257324219e+01 -1.117627230111920278e-01 -9.855136160196497075e-01 1.275617747798973578e-01 -2.273272991180419922e+00 -2.615107644196217399e-02 1.312383510975758949e-01 9.910058609322732748e-01 -3.083057999610900879e-01
-9.943676919024080352e-01 1.059853403824540796e-01 3.040876716222783854e-05 -1.821366691589355469e+01 -1.051597499753526010e-01 -9.866575606278413790e-01 1.242911301784592054e-01 -2.284043312072753906e+00 1.320304077851389146e-02 1.235878864611443667e-01 9.922457931552384203e-01 -2.654893994331359863e-01
-9.986469059113760594e-01 4.773571044103982336e-02 -2.063151139217804172e-02 -1.847524070739746094e+01 -5.011827180251424846e-02 -9.893133276855183844e-01 1.369207745206566795e-01 -2.278119087219238281e+00 -1.387501874469635951e-02 1.377695235256927442e-01 9.903671249805992005e-01 -3.108334541320800781e-01
-9.976544181682304169e-01 6.813765139995300868e-02 -6.551516702939654685e-03 -1.876383972167968750e+01 -6.828434555234319525e-02 -9.839512908413375891e-01 1.648548009739307096e-01 -2.260950565338134766e+00 4.786445643544266770e-03 1.649154865783216961e-01 9.862960875035127195e-01 -3.559849262237548828e-01
-9.915506466130128427e-01 1.255686125968816236e-01 -3.255516444147896205e-02 -1.904685592651367188e+01 -1.295180089985870642e-01 -9.723263848423181477e-01 1.944389021891234359e-01 -2.277189970016479492e+00 -7.238822166581414252e-03 1.970124992734315350e-01 9.803742523055553049e-01 -3.165676593780517578e-01
-9.846341935129130363e-01 1.615845739498108224e-01 -6.622635749181923770e-02 -1.930077552795410156e+01 -1.707432777892420039e-01 -9.703676531367989577e-01 1.709776325592548274e-01 -2.282648324966430664e+00 -3.663656718310077942e-02 1.796581286979243297e-01 9.830466513537382545e-01 -3.335330784320831299e-01
-9.918106445840547680e-01 1.250418869214480477e-01 -2.600330373021197961e-02 -1.956483078002929688e+01 -1.275584914059141040e-01 -9.799728235242520791e-01 1.529120545416632893e-01 -2.294722080230712891e+00 -6.362119144529594303e-03 1.549767455750348244e-01 9.878976322326933346e-01 -3.341355621814727783e-01
-9.968466107929917497e-01 6.636138200076498184e-02 -4.350863741230168863e-02 -1.982973670959472656e+01 -7.304735168875166329e-02 -9.815960578972564576e-01 1.764462057733937606e-01 -2.284271001815795898e+00 -3.099869290448264286e-02 1.790679929510450852e-01 9.833482266922018988e-01 -3.180104494094848633e-01
-9.982803483523065013e-01 3.584441686549100226e-02 -4.638452191378245049e-02 -2.008975410461425781e+01 -4.232556059199829579e-02 -9.881880564398880518e-01 1.472851385243244826e-01 -2.297609090805053711e+00 -4.055728065551660044e-02 1.489951102859730370e-01 9.880058522583257119e-01 -3.527675271034240723e-01
-9.908481620178692939e-01 1.334297796859303109e-01 -2.040621764987290629e-02 -2.038395500183105469e+01 -1.349633913849304923e-01 -9.768762614754954443e-01 1.658241621463448778e-01 -2.320851564407348633e+00 2.191531813127658990e-03 1.670606586202248445e-01 9.859441837800396735e-01 -3.583843410015106201e-01
-9.731978767888540549e-01 2.075791541421486974e-01 -9.897872185120004662e-02 -2.067723274230957031e+01 -2.194653127696281347e-01 -9.669138611639757075e-01 1.300483047944183124e-01 -2.388105392456054688e+00 -6.870858101137328200e-02 1.482851302545292183e-01 9.865549407107546687e-01 -3.548642098903656006e-01
-9.658871574319205511e-01 2.468306783679152239e-01 -7.833655165067802961e-02 -2.094589042663574219e+01 -2.517802286680554946e-01 -9.658511628403442240e-01 6.114121107580973435e-02 -2.420481681823730469e+00 -6.056992289863204898e-02 7.877910545563356071e-02 9.950503188199398830e-01 -3.802444338798522949e-01
-9.759046669867170731e-01 2.145927102991307123e-01 -3.949746371628769237e-02 -2.118230819702148438e+01 -2.163392957936625949e-01 -9.751825251748393875e-01 4.707814449537267576e-02 -2.453686714172363281e+00 -2.841460978173487861e-02 5.448863441212660474e-02 9.981100133105835770e-01 -3.383277952671051025e-01
-9.863932860150237403e-01 1.624255161757428845e-01 -2.542119193758011000e-02 -2.146590614318847656e+01 -1.636576253029101979e-01 -9.848182911185324739e-01 5.787154014354520953e-02 -2.467067956924438477e+00 -1.563544002246329903e-02 6.124447055381575938e-02 9.980003245700307390e-01 -3.989709913730621338e-01
-9.754548188107916573e-01 2.201976639445452910e-01 -9.408784038765615615e-04 -2.174170684814453125e+01 -2.192927628277181185e-01 -9.710410578254364822e-01 9.481533730701907636e-02 -2.486343860626220703e+00 1.996448422053428984e-02 9.269440549797339224e-02 9.954944332135591267e-01 -3.952654600143432617e-01
-9.638094747195740108e-01 2.631720463550838440e-01 -4.256489701687180688e-02 -2.201581382751464844e+01 -2.665492954832999750e-01 -9.541507043917354380e-01 1.361906986035092970e-01 -2.542940855026245117e+00 -4.771741624995912145e-03 1.426075289949064739e-01 9.897678127499556222e-01 -3.762559890747070312e-01
-9.598449479954790364e-01 2.711705615702164063e-01 -7.186238477290655957e-02 -2.227899169921875000e+01 -2.782402220261805392e-01 -9.529114699449940940e-01 1.205906683541139585e-01 -2.596856594085693359e+00 -3.577785144999036382e-02 1.357433496896389424e-01 9.900978175719098440e-01 -4.023124277591705322e-01
-9.658458730602210718e-01 2.561695616381866047e-01 -3.897313411363792501e-02 -2.252129364013671875e+01 -2.591153927194717044e-01 -9.542821262735439181e-01 1.490128743789578547e-01 -2.635238170623779297e+00 9.811974185974341178e-04 1.540220087031214657e-01 9.880669299630877589e-01 -3.609479963779449463e-01
-9.813040835568095366e-01 1.773208842885536096e-01 -7.483047233484128868e-02 -2.279735755920410156e+01 -1.867466684421403011e-01 -9.713007257415233742e-01 1.473111740491915289e-01 -2.679560661315917969e+00 -4.656154443842466795e-02 1.585313980545029477e-01 9.862554529179513585e-01 -3.974592387676239014e-01
-9.778609690264855603e-01 1.907898360765067913e-01 -8.594861083509533484e-02 -2.306632041931152344e+01 -2.008935405277090802e-01 -9.708923665011975901e-01 1.304216164749778528e-01 -2.724203824996948242e+00 -5.856373134308210521e-02 1.448007290023229920e-01 9.877261959933891777e-01 -4.328949451446533203e-01
-9.610212424775701479e-01 2.748031078896998047e-01 -3.035495677857423524e-02 -2.336262893676757812e+01 -2.762625927635485312e-01 -9.501808329238889961e-01 1.443446035833210184e-01 -2.784887552261352539e+00 1.082364755656899796e-02 1.471041693434498865e-01 9.890617837199782159e-01 -4.197575449943542480e-01
-9.461680263496453636e-01 3.107677441796621864e-01 -9.049571863409416883e-02 -2.365181159973144531e+01 -3.202474051705093694e-01 -9.393984639060705133e-01 1.223606370221692885e-01 -2.871825933456420898e+00 -4.698579993117801140e-02 1.447547415057604259e-01 9.883513542341244573e-01 -4.381825029850006104e-01
-9.447110749449599831e-01 3.203439398501997659e-01 -7.000532178048760046e-02 -2.392692756652832031e+01 -3.272614950512686138e-01 -9.344796303261302395e-01 1.401703761939278037e-01 -2.941335916519165039e+00 -2.051581665804437862e-02 1.553305530370324705e-01 9.876494927655575795e-01 -4.395570456981658936e-01
-9.508936331564619149e-01 3.024197030130818531e-01 -6.590615792157440700e-02 -2.417153167724609375e+01 -3.093802376105773133e-01 -9.350225846824303799e-01 1.732530943729726769e-01 -2.975444316864013672e+00 -9.228596779947098594e-03 1.851353271616922591e-01 9.826697022083291655e-01 -3.885459899902343750e-01
-9.725358415720808392e-01 2.192748087776172916e-01 -7.805507730585722892e-02 -2.443858909606933594e+01 -2.286306077756629640e-01 -9.628280005191759416e-01 1.438411853551558595e-01 -3.019412755966186523e+00 -4.361286559967064019e-02 1.577364880165167127e-01 9.865176725748000530e-01 -4.638887047767639160e-01
-9.678506640714567011e-01 2.459607710488010968e-01 -5.261550305298595687e-02 -2.473239898681640625e+01 -2.513563277298718202e-01 -9.534728212737294539e-01 1.664619343948263719e-01 -3.063530921936035156e+00 -9.224346404640617475e-03 1.743355333757104497e-01 9.846430994202994835e-01 -4.325321316719055176e-01
-9.641229208477818391e-01 2.581115736121044058e-01 -6.201136237356172365e-02 -2.501028442382812500e+01 -2.648349435837388799e-01 -9.512263704443508772e-01 1.582113928522998481e-01 -3.121750116348266602e+00 -1.815065158444252938e-02 1.689580058439081878e-01 9.854561106961131633e-01 -4.309467673301696777e-01
-9.681182391027848277e-01 2.448877131209803160e-01 -5.269803676513699908e-02 -2.527913093566894531e+01 -2.492728339997659914e-01 -9.625843445916627550e-01 1.062752735906346974e-01 -3.203349351882934570e+00 -2.470079646991969746e-02 1.160232196994015058e-01 9.929393149353771264e-01 -4.374164044857025146e-01
