1.000000000000000000e+00 0.000000000000000000e+00 0.000000000000000000e+00 0.000000000000000000e+00 0.000000000000000000e+00 1.000000000000000000e+00 0.000000000000000000e+00 0.000000000000000000e+00 0.000000000000000000e+00 0.000000000000000000e+00 1.000000000000000000e+00 0.000000000000000000e+00
9.999994919939922955e-01 4.177043069905755088e-04 9.173520966212885203e-04 8.717560768127441406e-02 -4.190242437716955835e-04 9.999988766545153673e-01 1.439134597714970300e-03 8.588185533881187439e-03 -9.167499333981482838e-04 -1.439518259394507917e-03 9.999985436773097813e-01 -3.016378963366150856e-03
9.999987797286469249e-01 -4.468833563698560124e-04 1.496942377959256795e-03 1.691554188728332520e-01 4.428047656810578749e-04 9.999961923063522828e-01 2.723838603199981410e-03 9.851651266217231750e-03 -1.498153916198480913e-03 -2.723172426158853264e-03 9.999951699217255463e-01 -1.767643028870224953e-03
9.999960053410654748e-01 -9.433314247567650777e-04 2.664475133070612171e-03 2.449259907007217407e-01 9.371869964181209819e-04 9.999969011785868611e-01 2.306363752155555363e-03 1.259416807442903519e-02 -2.666642541742343143e-03 -2.303857427571993736e-03 9.999937906099757301e-01 -2.400354249402880669e-03
9.999867579930179495e-01 -1.115697436859719102e-03 5.023848907250070238e-03 3.262309134006500244e-01 1.104255909702094637e-03 9.999967919234185043e-01 2.279640707893153262e-03 1.023951824754476547e-02 -5.026376179652799515e-03 -2.274062906029701223e-03 9.999847819744058786e-01 -1.881583011709153652e-04
9.999771926787972554e-01 -2.716876007147565972e-03 6.183260223634602475e-03 4.221176505088806152e-01 2.707887272529242630e-03 9.999952654826876897e-01 1.461628792864357040e-03 1.452697254717350006e-02 -6.187202013080717218e-03 -1.444851885364682644e-03 9.999798152634274961e-01 1.463882392272353172e-03
9.999660465290544087e-01 -4.422694859071952048e-03 6.953097096728507245e-03 4.978658258914947510e-01 4.410805437912227595e-03 9.999887856402165376e-01 1.724351818456021758e-03 1.410331204533576965e-02 -6.960645404118772847e-03 -1.693624512242071804e-03 9.999743401965720535e-01 4.566686227917671204e-03
9.999507176344041293e-01 -5.779434758023054008e-03 8.072201454248421199e-03 5.730623006820678711e-01 5.757662801989959014e-03 9.999797312571496732e-01 2.717792107108995409e-03 1.413778867572546005e-02 -8.087745143041814855e-03 -2.671181153841463776e-03 9.999637259269681389e-01 5.148184485733509064e-03
9.999287232731185471e-01 -8.315550864561460295e-03 8.567379249802080030e-03 6.491717100143432617e-01 8.280353650399098139e-03 9.999571653782167724e-01 4.135595747392550349e-03 2.077478542923927307e-02 -8.601402026144950100e-03 -4.064360045618519747e-03 9.999547474064034436e-01 5.277421791106462479e-03
9.998992225991686356e-01 -1.150820313578381111e-02 8.312996220598462688e-03 7.110105752944946289e-01 1.146646959393298436e-02 9.999215026034236065e-01 5.050614453997918397e-03 2.755546942353248596e-02 -8.370467169134528790e-03 -4.954784747802671620e-03 9.999526915746931310e-01 2.838088199496269226e-03
9.998594484241645208e-01 -1.454362114777613471e-02 8.340652302757323167e-03 7.677640318870544434e-01 1.450070975867404771e-02 9.998814287733797102e-01 5.182452180163393471e-03 2.913317084312438965e-02 -8.415034962507735028e-03 -5.060778400102479077e-03 9.999517866920208942e-01 2.933880547061562538e-03
9.997974637338995496e-01 -1.789795138321441034e-02 9.202980362138313622e-03 8.185580968856811523e-01 1.784528906781722782e-02 9.998240939257752036e-01 5.772942368382163840e-03 3.613922372460365295e-02 -9.304685343839045816e-03 -5.607543293342654410e-03 9.999409874031894851e-01 4.380231257528066635e-03
9.997206904458951771e-01 -2.094506081439063624e-02 1.094739794947191362e-02 8.586008548736572266e-01 2.087906620531701854e-02 9.997633488164296978e-01 6.108269620097106847e-03 3.787125274538993835e-02 -1.107274531345378392e-02 -5.877992075470189412e-03 9.999214186726795850e-01 6.375724915415048599e-03
9.996483127439803607e-01 -2.361159593405627241e-02 1.207242169408849486e-02 8.997612595558166504e-01 2.353539624498096963e-02 9.997024190676193633e-01 6.415483921084712444e-03 4.108489304780960083e-02 -1.222030898565076157e-02 -6.129098448941590858e-03 9.999065447333057577e-01 6.245812866836786270e-03
9.995758101986148558e-01 -2.649247580576831115e-02 1.209745392482658444e-02 9.377539157867431641e-01 2.642962261426208895e-02 9.996364870081735354e-01 5.326245434203997695e-03 4.408220946788787842e-02 -1.223416177145811995e-02 -5.004254953384544569e-03 9.999126375429562286e-01 4.376250784844160080e-03
9.994820831978631359e-01 -3.012596020327515389e-02 1.131335000300417483e-02 9.776301980018615723e-01 3.008014307252443453e-02 9.995386727123279913e-01 4.198421752792043903e-03 4.506688565015792847e-02 -1.143461233257398076e-02 -3.855940132903905738e-03 9.999271880324562822e-01 4.244511947035789490e-03
9.993839180099245434e-01 -3.349248278622388164e-02 1.048990085495656380e-02 1.024631142616271973e+00 3.345978748965697247e-02 9.994346920665433398e-01 3.277028379593823794e-03 4.478175565600395203e-02 -1.059372664737559533e-02 -2.924019608033772560e-03 9.999396097090326174e-01 4.961123690009117126e-03
9.992461231788496434e-01 -3.736862156127568335e-02 1.052480093158676168e-02 1.083765149116516113e+00 3.732882314474819663e-02 9.992952185806989185e-01 3.952857748691264959e-03 5.282922089099884033e-02 -1.066509609274473615e-02 -3.556999348248338945e-03 9.999367997433483701e-01 1.250206260010600090e-03
9.990243424886486867e-01 -4.274284852501607918e-02 1.110909605191663652e-02 1.155637264251708984e+00 4.269454242745419209e-02 9.990778123632065855e-01 4.549823124007459398e-03 6.359439343214035034e-02 -1.129332378148667493e-02 -4.071086282181983311e-03 9.999279409509714833e-01 -4.624854773283004761e-04
9.987535502883919669e-01 -4.845080144993519494e-02 1.199439974285355232e-02 1.227599382400512695e+00 4.838774206775251635e-02 9.988135222544995973e-01 5.493102870415693222e-03 7.063007354736328125e-02 -1.224631389100660009e-02 -4.905874072912315247e-03 9.999129763112706293e-01 1.952107995748519897e-04
9.984290926396369725e-01 -5.443280973933145583e-02 1.328217582600575014e-02 1.303577184677124023e+00 5.433931983338954885e-02 9.984958340630987195e-01 7.301210768170536547e-03 7.762607932090759277e-02 -1.365962264617092553e-02 -6.567996842142613881e-03 9.998851314659328304e-01 1.331469509750604630e-03
9.980585402587621724e-01 -6.059407752256284335e-02 1.440513747724309589e-02 1.385272264480590820e+00 6.046773431859370912e-02 9.981291200935671348e-01 9.050565044083575331e-03 9.361924231052398682e-02 -1.492659783489171631e-02 -8.161947710618280491e-03 9.998552791712630450e-01 -5.432213656604290009e-04
9.976860186694445076e-01 -6.630653431136906972e-02 1.503501443724213592e-02 1.475434541702270508e+00 6.615269692366426701e-02 9.977541707657465730e-01 1.050882530462975487e-02 1.072200834751129150e-01 -1.569805214791517023e-02 -9.489901325758977324e-03 9.998317423104693402e-01 7.014842703938484192e-04
9.972653434149122420e-01 -7.242792169476347519e-02 1.469799246544859980e-02 1.573118448257446289e+00 7.225945338042810695e-02 9.973173929245104929e-01 1.168713683582447288e-02 1.210151314735412598e-01 -1.550503855844637818e-02 -1.059310762877259740e-02 9.998236743796710124e-01 5.303942598402500153e-04
9.967895205479302412e-01 -7.879370993837882253e-02 1.421981012440076513e-02 1.676918745040893555e+00 7.860620834052552131e-02 9.968170710868806683e-01 1.329627015739464832e-02 1.342481821775436401e-01 -1.522221193366081991e-02 -1.213581739806380427e-02 9.998104851420230865e-01 7.181419059634208679e-04
9.963048040720139387e-01 -8.479679778939408497e-02 1.364699482269231441e-02 1.792093753814697266e+00 8.459850879708952220e-02 9.963095309532280508e-01 1.450554518339498486e-02 1.530376523733139038e-01 -1.482665479245897679e-02 -1.329742894033871317e-02 9.998016546751870015e-01 1.155859790742397308e-03
9.958426382949421285e-01 -9.012866226646784606e-02 1.320090875001098812e-02 1.911732912063598633e+00 8.992447309367915254e-02 9.958307192845894384e-01 1.532213000732625049e-02 1.698392629623413086e-01 -1.452683353636689476e-02 -1.407134560709139698e-02 9.997954632524657104e-01 6.836140528321266174e-04
9.954245999864497207e-01 -9.467463133301722011e-02 1.290658451233514005e-02 2.040323495864868164e+00 9.447168449883615315e-02 9.954065646765238862e-01 1.552004596751192789e-02 1.880245804786682129e-01 -1.431665358137642306e-02 -1.422972876897498143e-02 9.997962533683512065e-01 1.564088277518749237e-03
9.950526385228559700e-01 -9.853057538939061222e-02 1.272683315433324053e-02 2.180705547332763672e+00 9.833184235138078821e-02 9.950345478478181960e-01 1.539796639401741496e-02 2.045876979827880859e-01 -1.418080916188563245e-02 -1.407033413688907331e-02 9.998004452633488803e-01 1.186561654321849346e-03
9.945777176866161806e-01 -1.031754149047961477e-01 1.303829898816634414e-02 2.343787670135498047e+00 1.029752440486948195e-01 9.945679030993632708e-01 1.519161734797431877e-02 2.231917679309844971e-01 -1.453487510759529991e-02 -1.376662208963042207e-02 9.997995886785751019e-01 5.577660631388425827e-04
9.940463313598661976e-01 -1.080533307079259570e-01 1.401316641286563629e-02 2.519440174102783203e+00 1.078589884178249719e-01 9.940682550663408890e-01 1.395503087935127950e-02 2.451572716236114502e-01 -1.543793145063746160e-02 -1.236050129581045889e-02 9.998044250153335089e-01 3.422655630856752396e-03
9.935536799591644375e-01 -1.124315239936919536e-01 1.449956730589721868e-02 2.706910610198974609e+00 1.122391741454472208e-01 9.935900244967429407e-01 1.346220664340430466e-02 2.736454606056213379e-01 -1.592020184389453946e-02 -1.174800549104482693e-02 9.998042466104212211e-01 4.906029440462589264e-03
9.929762364750371884e-01 -1.175371352327763824e-01 1.353571709009699676e-02 2.921736717224121094e+00 1.173718487167701857e-01 9.930103490518533693e-01 1.242158624025116453e-02 3.079621493816375732e-01 -1.490110481403035016e-02 -1.074562781732284200e-02 9.998312300374163630e-01 6.681093014776706696e-03
9.923936411621191445e-01 -1.225257558604776059e-01 1.192896189153881681e-02 3.139338731765747070e+00 1.223792673862991870e-01 9.924069032053424166e-01 1.232288052262587447e-02 3.392012715339660645e-01 -1.334825437964967318e-02 -1.076929065448884587e-02 9.998529124245302269e-01 8.414811454713344574e-03
9.918198750320909030e-01 -1.271857021294636458e-01 1.082278453832419621e-02 3.371375799179077148e+00 1.270546045740227614e-01 9.918225781236075234e-01 1.204578684766211515e-02 3.766120374202728271e-01 -1.226633392119878471e-02 -1.057216619600481571e-02 9.998688745800909938e-01 3.296409733593463898e-03
9.910987048227237750e-01 -1.327550744015412731e-01 9.972337707916912111e-03 3.621510982513427734e+00 1.326552785217618990e-01 9.911109638558982526e-01 1.008138903853265239e-02 4.162912964820861816e-01 -1.122204878947133562e-02 -8.668768382746928208e-03 9.998994539830957651e-01 7.365960627794265747e-04
9.902055820405619713e-01 -1.393745846098192187e-01 8.223774106347853802e-03 3.872046709060668945e+00 1.393184076814565908e-01 9.902225302840205190e-01 7.051368591665488003e-03 4.498526751995086670e-01 -9.126147972466084474e-03 -5.836581426864285646e-03 9.999413221486709302e-01 -3.745721653103828430e-03
9.892966859947290859e-01 -1.458088487997717675e-01 5.643287298339943331e-03 4.122627735137939453e+00 1.457805782587485444e-01 9.893036204177518833e-01 5.135136889468509477e-03 4.898273646831512451e-01 -6.331672953587863181e-03 -4.257492221248229680e-03 9.999708914151425043e-01 -5.983090959489345551e-03
9.883827512193581466e-01 -1.519759141463673524e-01 1.690742862894647298e-03 4.390252590179443359e+00 1.519645024303604153e-01 9.883703391031120056e-01 5.555428182623661261e-03 5.427210330963134766e-01 -2.515371373264072181e-03 -5.233956493445665083e-03 9.999831391609956821e-01 -5.831745453178882599e-03
9.873331606477455669e-01 -1.586585761044792264e-01 -8.283198851542154361e-04 4.679577827453613281e+00 1.586600380215125450e-01 9.872998360654260397e-01 8.125640909798293940e-03 6.093806624412536621e-01 -4.714025298624133285e-04 -8.154135986232316155e-03 9.999666433666539733e-01 -9.624772705137729645e-03
9.862206843593145367e-01 -1.654350675598230958e-01 1.277975640651780528e-05 4.968228340148925781e+00 1.654300632217189648e-01 9.861914466117681632e-01 7.702260203738970842e-03 6.595765948295593262e-01 -1.286827223626783694e-03 -7.594014173334672629e-03 9.999703370722712314e-01 -1.397370640188455582e-02
9.851499539151699070e-01 -1.716755714331113514e-01 2.658284043004736832e-03 5.272729396820068359e+00 1.716617277747262693e-01 9.851443972859692533e-01 4.771552520946277520e-03 7.122402191162109375e-01 -3.437952637017366569e-03 -4.244369114375860785e-03 9.999850827949817722e-01 -1.199439354240894318e-02
9.841162423866486320e-01 -1.774751284840885568e-01 4.219033104781229337e-03 5.585510730743408203e+00 1.774668444707320492e-01 9.841241715711970262e-01 2.265842648153218279e-03 7.643720507621765137e-01 -4.554183174180001861e-03 -1.481114060916878051e-03 9.999885327926288925e-01 -7.901986129581928253e-03
9.830784583409353239e-01 -1.831084601851175331e-01 5.294955584799327514e-03 5.905611515045166016e+00 1.831088550055765263e-01 9.830925569926266538e-01 4.142514282918078098e-04 8.302955031394958496e-01 -5.281284366186758672e-03 5.623115989473465980e-04 9.999858958210906534e-01 -4.171017557382583618e-03
9.823420604657399080e-01 -1.870349601701283004e-01 4.690406601055549345e-03 6.222897529602050781e+00 1.870447830542628920e-01 9.823498338593649182e-01 -1.747297531011372763e-03 8.988557457923889160e-01 -4.280814421161711382e-03 2.593759941991129366e-03 9.999874734401701382e-01 -3.811592236161231995e-03
9.819205876251972942e-01 -1.892482356570701907e-01 4.130968224662572019e-03 6.543172359466552734e+00 1.892598488250874234e-01 9.819235282320779579e-01 -2.625705042948244666e-03 9.599474668502807617e-01 -3.559384847441449552e-03 3.360060260403062611e-03 9.999880203155206981e-01 2.858179621398448944e-03
9.817457073582467331e-01 -1.901691061237428815e-01 3.328236733252808340e-03 6.870623588562011719e+00 1.901764602171277518e-01 9.817477825907271471e-01 -2.050696826365240415e-03 1.025625705718994141e+00 -2.877509850407276165e-03 2.646215087071890001e-03 9.999923587121922752e-01 7.703544571995735168e-03
9.818775415498386394e-01 -1.894879558957316967e-01 3.287547794656933177e-03 7.195286750793457031e+00 1.894903930148374993e-01 9.818824747515941809e-01 -4.435434221662502190e-04 1.095945119857788086e+00 -3.143939428064615113e-03 1.058464048591804471e-03 9.999944976342272085e-01 1.137225702404975891e-02
9.824431979164961470e-01 -1.865505799307140000e-01 2.060095901311752731e-03 7.533420562744140625e+00 1.865513061209755352e-01 9.824452061760040600e-01 -1.644577355620605215e-04 1.159278631210327148e+00 -1.993251656563371516e-03 5.458839647718721376e-04 9.999978644769850211e-01 7.943143136799335480e-03
9.834713217482420333e-01 -1.810639216573270427e-01 1.247911665578131874e-04 7.868043422698974609e+00 1.810639621689484891e-01 9.834711889809863994e-01 -5.119062478072459836e-04 1.221817731857299805e+00 -3.004076420006945348e-05 5.260402972028180996e-04 9.999998611895695166e-01 1.338771451264619827e-02
9.845792334640933730e-01 -1.749328936510390620e-01 -1.488539597248599846e-03 8.213088989257812500e+00 1.749362227261207769e-01 9.845765486598534455e-01 2.517500222101850572e-03 1.286627054214477539e+00 1.025187580583144598e-03 -2.739077933443656056e-03 9.999957232121040596e-01 1.111306343227624893e-02
9.856816211732870592e-01 -1.685972760597997666e-01 -2.588471830306143459e-03 8.561881065368652344e+00 1.686061139939063203e-01 9.856765892253547268e-01 3.693206864645499823e-03 1.345654845237731934e+00 1.928731467697486143e-03 -4.076758306162701732e-03 9.999898299666045709e-01 1.419021748006343842e-02
9.867389683592910909e-01 -1.622920666137289414e-01 -2.737414014535754624e-03 8.906517028808593750e+00 1.623004383225580549e-01 9.867362722325918600e-01 3.177543207251567157e-03 1.401455521583557129e+00 2.185415646400990907e-03 -3.579689200669950756e-03 9.999912048531622855e-01 1.732001826167106628e-02
9.877576155910448019e-01 -1.559863021325925414e-01 -1.779434992688599818e-03 9.265288352966308594e+00 1.559842442064517110e-01 9.877587615421097311e-01 -1.242801729796084434e-03 1.450576543807983398e+00 1.951512550737665190e-03 9.500230508267622134e-04 9.999976445247094059e-01 1.632484421133995056e-02
9.888050766853238027e-01 -1.492102701154164046e-01 -9.031131797070525002e-04 9.615905761718750000e+00 1.492039503909779741e-01 9.887936453589392105e-01 -5.030714214400873290e-03 1.491312146186828613e+00 1.643626799938458600e-03 4.839647700490155337e-03 9.999869380652317563e-01 2.593309432268142700e-02
9.898364302622872923e-01 -1.422093733007416538e-01 -5.791986036043870198e-04 9.973912239074707031e+00 1.422044908605518965e-01 9.898236327111776811e-01 -5.201817522648144454e-03 1.537539720535278320e+00 1.313051675801544908e-03 5.066583844961149163e-03 9.999863027179115571e-01 3.461799770593643188e-02
9.907570020086441387e-01 -1.356458493557178013e-01 -8.755132262744476021e-04 1.032551383972167969e+01 1.356417683679081720e-01 9.907510522831174393e-01 -3.696359549901074085e-03 1.593955636024475098e+00 1.368811480889645972e-03 3.543437943764650606e-03 9.999927851753074304e-01 4.241941869258880615e-02
9.915714743859499469e-01 -1.295508281020625874e-01 -1.610627872360922757e-03 1.069090652465820312e+01 1.295492074257511561e-01 9.915724133507476390e-01 -1.073283342713900624e-03 1.645828962326049805e+00 1.736098912243635604e-03 8.555815822465218361e-04 9.999981269686073482e-01 4.641961678862571716e-02
9.923197054108435777e-01 -1.236861184697955474e-01 -1.829303477399496025e-03 1.104903793334960938e+01 1.236860399845612912e-01 9.923213889912025909e-01 -1.564081453964855659e-04 1.690410852432250977e+00 1.834602483980655530e-03 -7.105241828583405326e-05 9.999983145912195726e-01 4.862673580646514893e-02
9.929799141856092692e-01 -1.182791114262952692e-01 -9.704762470698380687e-04 1.141221618652343750e+01 1.182782889908039758e-01 9.929801093762197217e-01 -8.652956711479089244e-04 1.733551144599914551e+00 1.066010013066825664e-03 7.444349512719924738e-04 9.999991547192704777e-01 5.727725848555564880e-02
9.935412396046715555e-01 -1.134684820677217543e-01 -8.418919525497861123e-04 1.178087997436523438e+01 1.134659812564862147e-01 9.935385198158915854e-01 -2.584712662932625755e-03 1.774147987365722656e+00 1.129735506825409316e-03 2.472492526643972101e-03 9.999963052323694868e-01 6.066318601369857788e-02
9.939456658504264297e-01 -1.098718218691145943e-01 -4.428276347109924441e-04 1.213146591186523438e+01 1.098683833071023574e-01 9.939341992580810192e-01 -4.872975957350226747e-03 1.807255983352661133e+00 9.755442768742825710e-04 4.794820576292185832e-03 9.999880289328493266e-01 6.641927361488342285e-02
9.943438144437319881e-01 -1.062090839605204506e-01 9.571706354493503916e-05 1.248847389221191406e+01 1.062063175772324231e-01 9.943105525940705292e-01 -8.169645448753665856e-03 1.838304400444030762e+00 7.725180730483156930e-04 8.133602175015009622e-03 9.999666233087409761e-01 7.059376686811447144e-02
9.946844199620807903e-01 -1.029631896260149726e-01 1.219125398112175544e-03 1.285450744628906250e+01 1.029702505331435702e-01 9.946338217869966636e-01 -1.003434415069438986e-02 1.874718427658081055e+00 -1.794152744012660755e-04 1.010653943890827723e-02 9.999489115303487052e-01 8.053817600011825562e-02
9.949593942650425404e-01 -1.002734883760481588e-01 1.015525793974899043e-03 1.320643043518066406e+01 1.002786299656108771e-01 9.949095437770338890e-01 -9.959722566141169381e-03 1.908170580863952637e+00 -1.166017941275595323e-05 1.001135506677023473e-02 9.999498850611301393e-01 8.765046298503875732e-02
9.952946726341097561e-01 -9.689069170369300765e-02 8.417169002254557605e-04 1.354078197479248047e+01 9.689432932502713147e-02 9.952515712151828176e-01 -9.262771635041605611e-03 1.939533710479736328e+00 5.975628334477033716e-05 9.300744856712138409e-03 9.999567453516661208e-01 9.500215202569961548e-02
9.956665413238159346e-01 -9.299202336951326031e-02 -7.887191602563355542e-04 1.387846183776855469e+01 9.298476620084189515e-02 9.956452874067696079e-01 -6.655442830182313647e-03 1.977357983589172363e+00 1.404187610195418599e-03 6.553262876991453219e-03 9.999775412492124538e-01 9.801273792982101440e-02
9.960641746092303572e-01 -8.861364126317002043e-02 -1.944901569468324241e-03 1.418158912658691406e+01 8.860098399167869176e-02 9.960500786677676244e-01 -5.840070345493596563e-03 2.010506868362426758e+00 2.454729259817235981e-03 5.644764655522068950e-03 9.999810552886714277e-01 1.019356548786163330e-01
9.964883324982853896e-01 -8.368789083656250072e-02 -2.709265973330025282e-03 1.446723270416259766e+01 8.366782360605970470e-02 9.964703295738716049e-01 -6.824776330760134839e-03 2.029173612594604492e+00 3.270854293900055890e-03 6.574131597954456334e-03 9.999730407895609519e-01 1.024625822901725769e-01
9.969396094898324012e-01 -7.810548231243394368e-02 -3.308876395785033311e-03 1.474659633636474609e+01 7.807111287092236007e-02 9.969026842641803832e-01 -9.483640754873009365e-03 2.045423984527587891e+00 4.039352096093698496e-03 9.196289448133693201e-03 9.999495546751495656e-01 1.063684821128845215e-01
9.973050892252789401e-01 -7.324920636023633802e-02 -4.136758749782536333e-03 1.502053737640380859e+01 7.319918916164107336e-02 9.972548089486147349e-01 -1.116802287516668532e-02 2.058962821960449219e+00 4.943451368899817559e-03 1.083511866374666302e-02 9.999290787311396755e-01 1.117460727691650391e-01
9.976153875932521897e-01 -6.882496322661739441e-02 -5.163610560457399141e-03 1.525638675689697266e+01 6.875188598994334821e-02 9.975464606382086208e-01 -1.319988791652465521e-02 2.067636489868164062e+00 6.059423239148635336e-03 1.281340333548219509e-02 9.998995449968817173e-01 1.152740716934204102e-01
9.979011747188457626e-01 -6.444624090556971829e-02 -6.318823299376570730e-03 1.547971439361572266e+01 6.435601034123483721e-02 9.978347107867808763e-01 -1.357180467072056224e-02 2.079491376876831055e+00 7.179793012778786128e-03 1.313666556636765292e-02 9.998879330155410194e-01 1.201030984520912170e-01
9.981216160967950612e-01 -6.086158301199282722e-02 -7.007652502529950443e-03 1.567638587951660156e+01 6.077061035322215560e-02 9.980730389389846913e-01 -1.253562365407411699e-02 2.090892553329467773e+00 7.757086928657982820e-03 1.208621762066364180e-02 9.998968701551210758e-01 1.242512091994285583e-01
9.983280848773868899e-01 -5.729982554204746809e-02 -7.600324854891339459e-03 1.586884307861328125e+01 5.721299950209111224e-02 9.982993054023939772e-01 -1.118791853168038357e-02 2.104676008224487305e+00 8.228464803514501033e-03 1.073437589935807325e-02 9.999085285870046302e-01 1.264689713716506958e-01
9.985148608260709935e-01 -5.391269214282139177e-02 -7.841832401007426886e-03 1.603517150878906250e+01 5.381923726555792875e-02 9.984824200812990602e-01 -1.167674992221328506e-02 2.109240531921386719e+00 8.459456817414836086e-03 1.123736688489307411e-02 9.999010746948163719e-01 1.313401162624359131e-01
9.986767738124184834e-01 -5.077189809716804725e-02 -8.180208507749741134e-03 1.617920303344726562e+01 5.067328899588061097e-02 9.986450756377236448e-01 -1.184190385306600930e-02 2.115802764892578125e+00 8.770360879658418637e-03 1.141171626601704576e-02 9.998964213866876616e-01 1.356882005929946899e-01
9.988108081557035556e-01 -4.811594753451794992e-02 -7.862894136744510293e-03 1.630006599426269531e+01 4.803070969732013695e-02 9.987886330945620061e-01 -1.069192812677649887e-02 2.122420310974121094e+00 8.367821539797110769e-03 1.030155298738559891e-02 9.999119249057519809e-01 1.414047777652740479e-01
9.988905855689560465e-01 -4.635862103589512978e-02 -8.275041834240081870e-03 1.640249633789062500e+01 4.627832942245583420e-02 9.988820282661766692e-01 -9.644160550078013233e-03 2.132872581481933594e+00 8.712880555523593376e-03 9.250506067198887433e-03 9.999192536649775809e-01 1.441055387258529663e-01
9.989206869265778721e-01 -4.532910579848595939e-02 -1.013574849941299531e-02 1.647780609130859375e+01 4.523770437312554099e-02 9.989350551132201161e-01 -9.072252696962056912e-03 2.138056278228759766e+00 1.053619158820605188e-02 8.603942901804041005e-03 9.999074761363468955e-01 1.451818495988845825e-01
9.989505476648115057e-01 -4.415613109319008883e-02 -1.216714457274426300e-02 1.656002616882324219e+01 4.402865657451148634e-02 9.989745301427730428e-01 -1.055298660424756722e-02 2.138375282287597656e+00 1.262064659265822730e-02 1.000620871792673970e-02 9.998702891208821608e-01 1.439635753631591797e-01
9.989577048591876673e-01 -4.331288520718588192e-02 -1.440478661740848647e-02 1.664460372924804688e+01 4.315301443632426487e-02 9.990053557836271469e-01 -1.123015853346666891e-02 2.139612197875976562e+00 1.487686954712993774e-02 1.059684342894348479e-02 9.998331789162729910e-01 1.457337439060211182e-01
9.989576917905953479e-01 -4.304411570128440639e-02 -1.518993469045970199e-02 1.672603225708007812e+01 4.287082164881218099e-02 9.990137944543304727e-01 -1.155556753762129393e-02 2.140222072601318359e+00 1.567235347871298937e-02 1.089231809374069729e-02 9.998178507823227701e-01 1.472609788179397583e-01
9.989490760684180959e-01 -4.322508870625352967e-02 -1.524254337012920929e-02 1.681551933288574219e+01 4.304445843361281304e-02 9.990012573542084162e-01 -1.198592519864852268e-02 2.144881248474121094e+00 1.574541267197323430e-02 1.131722187849704478e-02 9.998119835592800264e-01 1.493996977806091309e-01
9.989032188958165692e-01 -4.430434949507393305e-02 -1.514872586704286463e-02 1.691028022766113281e+01 4.413261785241959223e-02 9.989596175628074892e-01 -1.148888681560706823e-02 2.154479980468750000e+00 1.564197305549295050e-02 1.080773309199834289e-02 9.998192444558883230e-01 1.510397791862487793e-01
9.988094214844962515e-01 -4.633510136290647230e-02 -1.525771724391008881e-02 1.700843429565429688e+01 4.617096627843236822e-02 9.988736475523444236e-01 -1.093974855245070411e-02 2.162420272827148438e+00 1.574742603480928579e-02 1.022226037450471407e-02 9.998237464504001748e-01 1.541600078344345093e-01
9.986341767682905823e-01 -4.990148613582968268e-02 -1.547975037764514825e-02 1.710815429687500000e+01 4.973427670430372732e-02 9.987018508098818304e-01 -1.100522192489959868e-02 2.171355009078979492e+00 1.600883228153628449e-02 1.022031654852909900e-02 9.998196149399298793e-01 1.564858704805374146e-01
9.983853535609813479e-01 -5.455012937413890317e-02 -1.584200682297198098e-02 1.720822143554687500e+01 5.437554812769763990e-02 9.984571820155996313e-01 -1.124968654142486160e-02 2.179735898971557617e+00 1.643123734618973791e-02 1.037010447066884569e-02 9.998112198673011486e-01 1.591876298189163208e-01
9.980782577624008889e-01 -5.974296858083446432e-02 -1.644898437958596318e-02 1.731241035461425781e+01 5.955393762253919504e-02 9.981559103014666645e-01 -1.175190384155479564e-02 2.188934803009033203e+00 1.712074459891122988e-02 1.074971792187429456e-02 9.997956409531794097e-01 1.635316461324691772e-01
9.977449589091536009e-01 -6.502309318976079444e-02 -1.664314643950904476e-02 1.741264915466308594e+01 6.483146141283732677e-02 9.978263840203411839e-01 -1.180631034516749049e-02 2.198717355728149414e+00 1.737465344825738639e-02 1.070068712402662096e-02 9.997917866799199693e-01 1.689596176147460938e-01
9.973812009872740081e-01 -7.033509555513353662e-02 -1.684381935408963901e-02 1.751778030395507812e+01 7.014680633260708675e-02 9.974701496149124269e-01 -1.152068524611125910e-02 2.213408708572387695e+00 1.761151550885620490e-02 1.030897475283007111e-02 9.997917580981686703e-01 1.730144172906875610e-01
9.969190514591100838e-01 -7.657976791771484160e-02 -1.696891226735496028e-02 1.763235664367675781e+01 7.639191243195114778e-02 9.970120520699512490e-01 -1.145616612370325797e-02 2.223935127258300781e+00 1.779552058405051845e-02 1.012458260540700060e-02 9.997903841677059367e-01 1.716777384281158447e-01
9.963964682344974566e-01 -8.288464740388208629e-02 -1.800592442931521486e-02 1.775301933288574219e+01 8.269013401685086639e-02 9.965113249089392333e-01 -1.129252250410897954e-02 2.239130258560180664e+00 1.887908435532061752e-02 9.762917236395406151e-03 9.997741072967132325e-01 1.741980910301208496e-01
9.958301793207331443e-01 -8.926549449067415487e-02 -1.881290640416156956e-02 1.788415527343750000e+01 8.906101799238737293e-02 9.959604516663126406e-01 -1.144175645581285705e-02 2.261201381683349609e+00 1.975826480731482371e-02 9.718549787386142336e-03 9.997575509901558410e-01 1.766656339168548584e-01
9.951874939508914553e-01 -9.606787921735442104e-02 -1.930840403617969242e-02 1.802417564392089844e+01 9.585256536651691472e-02 9.953257682999830935e-01 -1.178561286934385818e-02 2.280004024505615234e+00 2.035037091559167149e-02 9.878134476116653268e-03 9.997441096915098413e-01 1.803613603115081787e-01
9.944120748107427854e-01 -1.037407127992256567e-01 -1.955735100933398210e-02 1.816963958740234375e+01 1.035217351341949504e-01 9.945560288688521933e-01 -1.189772227884795634e-02 2.301591157913208008e+00 2.068515954493235429e-02 9.806627785716443349e-03 9.997379427760422210e-01 1.862620562314987183e-01
9.935328290430734954e-01 -1.117957310776838131e-01 -1.985527956169519381e-02 1.831731224060058594e+01 1.115864881729997926e-01 9.936898576591718379e-01 -1.135440190022064984e-02 2.327065229415893555e+00 2.099936358282897264e-02 9.065390124035567834e-03 9.997383884952177890e-01 1.913642883300781250e-01
9.924879319313631987e-01 -1.206432846845200413e-01 -2.032001060864546335e-02 1.848029327392578125e+01 1.204355041078317978e-01 9.926584137097200777e-01 -1.116078140609575060e-02 2.351713180541992188e+00 2.151730282581999429e-02 8.629690135345277277e-03 9.997312309452325296e-01 1.981903314590454102e-01
9.914237571161295115e-01 -1.290814646079826433e-01 -2.041835743628676522e-02 1.865176963806152344e+01 1.288767787438978019e-01 9.915990821128556343e-01 -1.104700201586631368e-02 2.381581068038940430e+00 2.167278769180951484e-02 8.320808109809488609e-03 9.997304908954539604e-01 2.028957009315490723e-01
9.903217168429139239e-01 -1.374021691726149130e-01 -1.958420424636646284e-02 1.884740638732910156e+01 1.371945537499989765e-01 9.904763862927206119e-01 -1.158372210698182907e-02 2.415481567382812500e+00 2.098932039495168822e-02 8.784765402288381361e-03 9.997411046496911258e-01 2.069026827812194824e-01
9.891794266698827887e-01 -1.455183317617758376e-01 -1.866753798205891823e-02 1.904855728149414062e+01 1.453252115475889006e-01 9.893191517402072366e-01 -1.132249480835944080e-02 2.450023174285888672e+00 2.011578339738246540e-02 8.487115016690353897e-03 9.997616336592453079e-01 2.138829380273818970e-01
9.880587653849961516e-01 -1.530192632652355167e-01 -1.802723538543092932e-02 1.926258468627929688e+01 1.528403547956005415e-01 9.881905126182585208e-01 -1.092413462103298052e-02 2.490228652954101562e+00 1.948594600813971858e-02 8.038397914264271138e-03 9.997778163507829996e-01 2.194506824016571045e-01
9.869670221260995469e-01 -1.599858078784853754e-01 -1.733893056124586468e-02 1.948367118835449219e+01 1.598079872482953134e-01 9.870845116620119430e-01 -1.120598271532055427e-02 2.531176805496215820e+00 1.890778800357181128e-02 8.289035796505814582e-03 9.997868710072044252e-01 2.256861329078674316e-01
9.858963379631944246e-01 -1.665153957532037321e-01 -1.676406179649230985e-02 1.971450614929199219e+01 1.663473741674147965e-01 9.860061663931340981e-01 -1.097228063445251749e-02 2.576460599899291992e+00 1.835652195729805050e-02 8.028873636384442278e-03 9.997992674981124317e-01 2.352232336997985840e-01
9.848504422868975539e-01 -1.726164419502703717e-01 -1.652786422171362984e-02 1.995191574096679688e+01 1.724386468123139671e-01 9.849513818717665625e-01 -1.164853786685444460e-02 2.622136592864990234e+00 1.828987186506517842e-02 8.622025129077314984e-03 9.997955497349610976e-01 2.445759624242782593e-01
9.840065720756622225e-01 -1.773531438782955660e-01 -1.664116787936359074e-02 2.020063400268554688e+01 1.771877086107473687e-01 9.841161560481476167e-01 -1.095022019370816765e-02 2.674008846282958984e+00 1.831889814310494816e-02 7.826478231133263130e-03 9.998015624159226622e-01 2.513550817966461182e-01
9.834815957342208925e-01 -1.802097047902683491e-01 -1.698273097811290461e-02 2.047841453552246094e+01 1.800411605534667225e-01 9.835976587490835588e-01 -1.099209761065662004e-02 2.726532936096191406e+00 1.868505709467963016e-02 7.752935103928130720e-03 9.997953593804298489e-01 2.587580978870391846e-01
9.832556837703286812e-01 -1.814279338659189056e-01 -1.709283904116692954e-02 2.076083564758300781e+01 1.812715686134764581e-01 9.833790887114786106e-01 -1.030467357035847083e-02 2.785403966903686523e+00 1.867829611482759583e-02 7.033683112402851559e-03 9.998008044386247350e-01 2.686238884925842285e-01
9.834693849999708304e-01 -1.802622525765736616e-01 -1.713152251840970725e-02 2.105056571960449219e+01 1.801010436065441922e-01 9.835916348699773604e-01 -1.054086835317025010e-02 2.840686321258544922e+00 1.875054291515002025e-02 7.281216232523401652e-03 9.997976800485998128e-01 2.761965095996856689e-01
9.837438780428726659e-01 -1.786525561053399491e-01 -1.820018159793998502e-02 2.136734771728515625e+01 1.784855482208113353e-01 9.838872099856560416e-01 -1.043393995372151120e-02 2.897970438003540039e+00 1.977097593661143043e-02 7.015855163113830263e-03 9.997799189255823782e-01 2.832460105419158936e-01
9.839778399070331361e-01 -1.772424696520330523e-01 -1.930589349233189853e-02 2.168853759765625000e+01 1.770462676267515190e-01 9.841359101573068369e-01 -1.145117715721216678e-02 2.950213193893432617e+00 2.102925798324331227e-02 7.849668177529432744e-03 9.997480447683690929e-01 2.911736667156219482e-01
9.841811916575770036e-01 -1.760920207477152943e-01 -1.946746558897300902e-02 2.202721595764160156e+01 1.758732064968831499e-01 9.843341496220290310e-01 -1.244576732796091011e-02 3.012015581130981445e+00 2.135409150435438677e-02 8.825084524425092294e-03 9.997330246916725782e-01 3.019151985645294189e-01
9.843447260431740231e-01 -1.752681063485033164e-01 -1.861588590420813066e-02 2.237980079650878906e+01 1.750642838560069747e-01 9.844829135309894896e-01 -1.207847190325667466e-02 3.072765350341796875e+00 2.044399249100269794e-02 8.630403382466032836e-03 9.997537493345467485e-01 3.094404339790344238e-01
9.846540083537499433e-01 -1.737340743070373561e-01 -1.652135761885625137e-02 2.275936889648437500e+01 1.735656793300692224e-01 9.847592552674488964e-01 -1.114289566454077993e-02 3.139590024948120117e+00 1.820546048813096590e-02 8.104356222185901681e-03 9.998014205924289355e-01 3.193417489528656006e-01
9.848103839360540235e-01 -1.730903530799806356e-01 -1.371996218542548794e-02 2.314040946960449219e+01 1.729621848523462957e-01 9.848772566848256194e-01 -1.004349919474741178e-02 3.207913398742675781e+00 1.525091154077873150e-02 7.517907662357882839e-03 9.998554349312482881e-01 3.275274932384490967e-01
9.850122596056120061e-01 -1.721991436614926652e-01 -9.914804531356319339e-03 2.353876495361328125e+01 1.720942227833746896e-01 9.850232959286082668e-01 -1.061531735406866413e-02 3.272574663162231445e+00 1.159426199603010715e-02 8.749937153488993383e-03 9.998945002791931325e-01 3.410513401031494141e-01
9.852657695444915209e-01 -1.709185669341855840e-01 -6.181168260548802924e-03 2.392363548278808594e+01 1.708553445081194833e-01 9.852491732938655211e-01 -9.618616156509357529e-03 3.340865850448608398e+00 7.733991008056572726e-03 8.420807616777551546e-03 9.999346355548288656e-01 3.515706658363342285e-01
9.854659771742609875e-01 -1.698384186103914784e-01 -3.423360322877299841e-03 2.431727981567382812e+01 1.697971796884651663e-01 9.854282807303149649e-01 -1.000106528018320645e-02 3.409484148025512695e+00 5.072041188898961800e-03 9.274432641237357472e-03 9.999441280878452742e-01 3.638385534286499023e-01
9.856351543165858820e-01 -1.688779774657079846e-01 -1.889788986043700568e-03 2.471906471252441406e+01 1.688485154109294895e-01 9.855834427373194595e-01 -1.074505679734056619e-02 3.472703456878662109e+00 3.677148194601051294e-03 1.027161764985384286e-02 9.999404844549550919e-01 3.761042952537536621e-01
9.858673922774040532e-01 -1.675133669990263308e-01 -2.180990784147074802e-03 2.510863113403320312e+01 1.674823343771942030e-01 9.858201943459440342e-01 -1.040250408751701265e-02 3.539623498916625977e+00 3.892623243615690991e-03 9.890212150131335103e-03 9.999435139986201371e-01 3.850809335708618164e-01
9.859941157277787305e-01 -1.667533715793371452e-01 -2.986104003393342306e-03 2.549521636962890625e+01 1.667148857549796970e-01 9.859512180192544495e-01 -1.031225261776828016e-02 3.606338500976562500e+00 4.663755771868544238e-03 9.669992413239699922e-03 9.999423686537280975e-01 3.901720941066741943e-01
9.861908921380890813e-01 -1.655566940830796863e-01 -4.301779650516509082e-03 2.589126205444335938e+01 1.655056943456325869e-01 9.861549550563605271e-01 -1.030872237271408288e-02 3.670754909515380859e+00 5.948899314164299290e-03 9.454399085570131325e-03 9.999376105212168797e-01 3.923438489437103271e-01
9.864293620082271730e-01 -1.641022456535228546e-01 -5.250403747607304029e-03 2.629488563537597656e+01 1.640371242772907523e-01 9.863920618230468396e-01 -1.106897607347796450e-02 3.736486434936523438e+00 6.995400408748668301e-03 1.005750187419298530e-02 9.999249526985372061e-01 4.000889658927917480e-01
9.866965034563346393e-01 -1.624617034215386502e-01 -6.017058119668845621e-03 2.669342994689941406e+01 1.623932257893255238e-01 9.866700849530237738e-01 -1.051587735426556640e-02 3.801139116287231445e+00 7.645278594046908162e-03 9.398849938414608959e-03 9.999266029739656281e-01 4.064399302005767822e-01
9.870512722892544888e-01 -1.602830556940623152e-01 -6.255232172992260600e-03 2.709185028076171875e+01 1.602120263868351269e-01 9.870261018482396898e-01 -1.056318471353738346e-02 3.867316246032714844e+00 7.867176951610824892e-03 9.424241488968263317e-03 9.999246427602279663e-01 4.192484021186828613e-01
9.874525902915980424e-01 -1.577956819011788747e-01 -6.156679279876347763e-03 2.750586318969726562e+01 1.577280636274498438e-01 9.874293841268645400e-01 -1.025033205198721577e-02 3.935002326965332031e+00 7.696744165451761821e-03 9.150635834893628903e-03 9.999285104411558267e-01 4.296495318412780762e-01
9.879893079372894515e-01 -1.544474460012538186e-01 -4.807683983531787358e-03 2.791813659667968750e+01 1.543918240734481473e-01 9.879555338175075585e-01 -1.034542694319448911e-02 4.001110553741455078e+00 6.347602765544975434e-03 9.478904106136339103e-03 9.999349270407936752e-01 4.386002123355865479e-01
9.885841814348679257e-01 -1.506062049698368155e-01 -4.368894749874750738e-03 2.832856559753417969e+01 1.505532915957819295e-01 9.885448719089086067e-01 -1.061803241070591493e-02 4.064165592193603516e+00 5.917990066521584824e-03 9.839067393957430865e-03 9.999340829006627684e-01 4.524952769279479980e-01
9.890429241582181508e-01 -1.475651522525330828e-01 -4.315091337139458777e-03 2.874149131774902344e+01 1.475111522376932882e-01 9.890001648767278164e-01 -1.091484490560102986e-02 4.125945568084716797e+00 5.878276794196864510e-03 1.015872602701674461e-02 9.999311207015405545e-01 4.609297215938568115e-01
9.895481139417682259e-01 -1.441219566866580593e-01 -4.836506497280165795e-03 2.914579200744628906e+01 1.440614777134319180e-01 9.895062019592730795e-01 -1.112505834396655853e-02 4.189305305480957031e+00 6.389118351660736175e-03 1.031202622879544457e-02 9.999264179337122860e-01 4.704861640930175781e-01
9.901458038192983979e-01 -1.399284216360256461e-01 -5.596784566699999040e-03 2.954366683959960938e+01 1.398667516801563870e-01 9.901177148039344011e-01 -1.020796776427194789e-02 4.249334812164306641e+00 6.969860362796933585e-03 9.324572370118572665e-03 9.999322344022306686e-01 4.848682582378387451e-01
