9.997159343993936576e-01 6.364982997076765268e-04 2.382530960683767324e-02 1.175559569991599940e-01 4.701082333531821610e-05 9.995887344622483850e-01 -2.867681513249419056e-02 8.847081712024182365e-03 -2.383376382214297956e-02 2.866978908320094027e-02 9.993047557657248614e-01 -2.526517267724761456e-03
9.996940348657807895e-01 -3.101867838100408532e-04 2.473338711001996093e-02 1.844413891417902851e-01 1.006095993508394513e-03 9.996037964063362313e-01 -2.812895271587222829e-02 1.062555581727832321e-02 -2.471486242378861248e-02 2.814523039875635457e-02 9.992982645742831682e-01 -4.077818879270923846e-03
9.996544593097340670e-01 8.120148935782988200e-04 2.627361060029142700e-02 2.620020658412609005e-01 -6.922678918032376932e-05 9.996006089110780479e-01 -2.825982788789945313e-02 2.402644487012813718e-02 -2.628606455547879625e-02 2.824824412976223789e-02 9.992552624398685079e-01 -5.594541358452727320e-03
9.996012800661165931e-01 1.374627253294911531e-03 2.820268232093442462e-02 3.406445563597042536e-01 -5.661933618846305433e-04 9.995892545296476417e-01 -2.865312642523176398e-02 4.257318655710497224e-02 -2.823048556539554249e-02 2.862573368104049179e-02 9.991914766729969033e-01 -7.046592352831962391e-03
9.995696413380869005e-01 -1.043664197211860694e-03 2.931625624617966927e-02 4.299811246142233867e-01 1.910993884896228061e-03 9.995608004677702940e-01 -2.957286375382045876e-02 2.636158501696984902e-02 -2.927251642104073889e-02 2.961616000216093017e-02 9.991326252550790654e-01 -5.973711312541762908e-03
9.995363229195464161e-01 -4.006002476958848979e-03 3.018428578957422365e-02 5.164371815095449847e-01 4.904922068558739343e-03 9.995448568120941513e-01 -2.976610421253516117e-02 1.787489859762719790e-02 -3.005130453031046311e-02 2.990035392173038750e-02 9.991010399010611387e-01 -6.082892361356062594e-03
9.994939606369510621e-01 -5.977566587357453602e-03 3.124246065780540704e-02 5.907252826799779255e-01 6.876416882057883977e-03 9.995632008782071587e-01 -2.874234404110054958e-02 2.294869337369170870e-02 -3.105700470304501720e-02 2.894263546753381849e-02 9.990984867925025714e-01 -7.845883641328404989e-03
9.994626969307326414e-01 -7.904724292056745233e-03 3.180931904038617614e-02 6.569395836956249957e-01 8.777901328784341178e-03 9.995858716105149311e-01 -2.740499452489136151e-02 2.879932050836192525e-02 -3.157951697237677130e-02 2.766948880109221243e-02 9.991181779435691634e-01 -9.398132033157480247e-03
9.994444883589918005e-01 -1.124924693070549625e-02 3.137147003768020470e-02 7.225317059005817999e-01 1.207151254194710477e-02 9.995852576054785610e-01 -2.614558017598203610e-02 3.532327968314985522e-02 -3.106434087153094048e-02 2.650975709585254303e-02 9.991657717841100350e-01 -9.930103747005980530e-03
9.994034776252614938e-01 -1.517978143033429407e-02 3.102036663646457609e-02 7.835952534998347208e-01 1.596750304014523877e-02 9.995522286287544800e-01 -2.530575211197853142e-02 3.920104183475958681e-02 -3.062234081836917587e-02 2.578597446320831515e-02 9.991983565657953648e-01 -1.020792354192595619e-02
9.993224207990358821e-01 -1.840160533345399849e-02 3.187601307419738600e-02 8.287478183660030862e-01 1.920050595033466825e-02 9.995045297513240889e-01 -2.494064108710236649e-02 4.465028989773464629e-02 -3.140127162402452793e-02 2.553577740614710462e-02 9.991806064033958990e-01 -1.100999776403072117e-02
9.992403709198576234e-01 -2.020715577136259281e-02 3.332194441471185431e-02 8.622067564292963393e-01 2.102762186222453464e-02 9.994796732849215992e-01 -2.445857332481825297e-02 5.521372431930790525e-02 -3.281036791571462219e-02 2.514067512812855065e-02 9.991453478905545360e-01 -1.131845464474917629e-02
9.991617975410883590e-01 -2.168580597679647601e-02 3.471927639795760467e-02 8.964842583426635425e-01 2.253980799998702225e-02 9.994481989871994987e-01 -2.439783999797824968e-02 6.478289978534818028e-02 -3.417103144162843276e-02 2.515995549240826121e-02 9.990992529522956245e-01 -1.107346534805908611e-02
9.990267827137810919e-01 -2.616977394141678168e-02 3.550535667201375201e-02 9.356416477652680364e-01 2.707660598326529569e-02 9.993130243835006699e-01 -2.530487514152190281e-02 6.459032119959459695e-02 -3.481874249565555801e-02 2.624161255251197811e-02 9.990490643315097508e-01 -1.055432429050814913e-02
9.989824106812513760e-01 -2.841466329433518789e-02 3.502499192498196440e-02 9.728914962421882917e-01 2.934869588669612034e-02 9.992192655997846895e-01 -2.644831382105537407e-02 7.561637753738206791e-02 -3.424612677699067492e-02 2.744933813585244062e-02 9.990364040597708994e-01 -1.107029650730542714e-02
9.989163551526393237e-01 -3.157452494839439044e-02 3.419305167500022447e-02 1.015696231383156789e+00 3.251996047442853172e-02 9.990938990302988820e-01 -2.745602103685982481e-02 8.634103923235422751e-02 -3.329515849650849235e-02 2.853822515010530358e-02 9.990380383779059459e-01 -1.175712691106930996e-02
9.987817017436206868e-01 -3.594371236245413881e-02 3.381067588384122080e-02 1.067955423479173049e+00 3.688062012144027735e-02 9.989410240179663614e-01 -2.750727891658171984e-02 8.576099164712602807e-02 -3.278615746889250449e-02 2.872072553996099856e-02 9.990496423115735602e-01 -1.282870903181648758e-02
9.985718873117899186e-01 -4.115744339841399119e-02 3.406245328035575198e-02 1.136291090056249065e+00 4.207682864016950436e-02 9.987567717765220010e-01 -2.672922225067751387e-02 6.444253583046211098e-02 -3.291999942521082329e-02 2.812428991897663808e-02 9.990622092514547248e-01 -1.424498052064759879e-02
9.983455127303949572e-01 -4.565836471770717830e-02 3.495069301730124867e-02 1.200582552612823761e+00 4.657924843447547314e-02 9.985760879205056728e-01 -2.600327380653922466e-02 6.531573304742954722e-02 -3.371365934401385211e-02 2.758822873406821530e-02 9.990506888086071458e-01 -1.599380818298418161e-02
9.980955995277012160e-01 -4.994261680126722835e-02 3.620648050391406941e-02 1.262101203613868128e+00 5.085149896138374537e-02 9.984024258025684384e-01 -2.463171136821386276e-02 7.326434537604836761e-02 -3.491846584285909078e-02 2.642595653119085564e-02 9.990407246777243122e-01 -1.747433385260249716e-02
9.977765912316601815e-01 -5.521884985352374514e-02 3.731960089527264907e-02 1.336807055281967971e+00 5.610047406776066253e-02 9.981600914941931579e-01 -2.300366400546770967e-02 9.060166566566946189e-02 -3.598070037535328752e-02 2.504616475945842941e-02 9.990385772488172833e-01 -1.937938091914770400e-02
9.972234174396532591e-01 -6.368922865656378995e-02 3.858934908897693888e-02 1.440880580456513238e+00 6.449705925363138914e-02 9.977162029623567463e-01 -2.006259439880312204e-02 1.129972996143418507e-01 -3.722344768573367796e-02 2.249578848383090510e-02 9.990537295075165858e-01 -2.324524830053947833e-02
9.967762254390521992e-01 -7.016989728373410062e-02 3.890169552430856187e-02 1.540950036734271222e+00 7.092792664536495817e-02 9.973106308825864241e-01 -1.845900187895455416e-02 1.351163113924974124e-01 -3.750180823994395812e-02 2.115871082480516932e-02 9.990725315686378449e-01 -2.614763151078935977e-02
9.963885635049882783e-01 -7.568072694225524977e-02 3.850010501229362420e-02 1.649905639592844198e+00 7.638302288328499556e-02 9.969317727883211244e-01 -1.710772399668231136e-02 1.626049441540999285e-01 -3.708725295404603078e-02 1.998669494005700376e-02 9.991121396988906778e-01 -2.924562027820992727e-02
9.958896661311271714e-01 -8.225952087608601193e-02 3.790968370309751728e-02 1.764510955137086334e+00 8.288946579245556889e-02 9.964404678647987845e-01 -1.535351627550424550e-02 1.893205600989787407e-01 -3.651177007313486517e-02 1.843272162806145961e-02 9.991632126031807504e-01 -3.245848982102716995e-02
9.955949932788591417e-01 -8.635814829529143977e-02 3.650862337964442400e-02 1.855153181822360997e+00 8.694438400473812611e-02 9.961034624607681964e-01 -1.478398335042297937e-02 1.833636853167166514e-01 -3.508964873156902170e-02 1.789307957500329768e-02 9.992239760210008814e-01 -3.327533117404873897e-02
9.951855862822545085e-01 -9.115357647105980232e-02 3.600936479000842877e-02 1.975305279318671392e+00 9.171500474496281641e-02 9.956832398610352408e-01 -1.425635873789567881e-02 2.049090228463397723e-01 -3.455440291303984307e-02 1.749032179140157239e-02 9.992497595110826358e-01 -3.600886251415674755e-02
9.948046697956225426e-01 -9.531314645012656239e-02 3.576413100578772902e-02 2.102264044434701162e+00 9.586807194108787344e-02 9.952937208911888378e-01 -1.413230118807699137e-02 2.316013599439894488e-01 -3.424882093037392300e-02 1.748751750103056529e-02 9.992603289416278622e-01 -3.900584416381125408e-02
9.944098266179571821e-01 -9.936470317966286658e-02 3.571767752334815277e-02 2.241343073928320884e+00 9.992285752873911187e-02 9.948939598227212189e-01 -1.419264779936490854e-02 2.489601647612112445e-01 -3.412505339095745632e-02 1.768232083983915445e-02 9.992611351697719968e-01 -4.246742609433518112e-02
9.938603669548886632e-01 -1.043110527385420899e-01 3.688868760028166105e-02 2.410286261666800378e+00 1.049551176996724039e-01 9.943486965381486131e-01 -1.597162989593674254e-02 2.546579861842828141e-01 -3.501420090394749551e-02 1.974522649811736447e-02 9.991917392400700981e-01 -4.449301661905780136e-02
9.933233312200259180e-01 -1.089125540151276161e-01 3.803702448736676067e-02 2.600962581636235615e+00 1.096252329259021774e-01 9.938245765960818101e-01 -1.717612469564546232e-02 2.827404452586822492e-01 -3.593143414744701114e-02 2.123126306936492722e-02 9.991287031752150716e-01 -4.850329613824044817e-02
9.928032458962103846e-01 -1.134157982042490326e-01 3.845219962033318700e-02 2.800681134806604522e+00 1.141614178039683375e-01 9.933031546518162891e-01 -1.777677259059457643e-02 3.203391235113280944e-01 -3.617852433332063161e-02 2.203859515583952988e-02 9.991023044216345017e-01 -5.374582067490729642e-02
9.922875643545803204e-01 -1.181014574110992726e-01 3.764884307158802845e-02 3.014087834829962897e+00 1.188505799259274159e-01 9.927432235157018781e-01 -1.831479770360267337e-02 3.561595683480479613e-01 -3.521262953154016828e-02 2.264813283755322607e-02 9.991231819953169113e-01 -5.917091026859300218e-02
9.917708328170782295e-01 -1.229626843459300234e-01 3.564818974032578358e-02 3.216345312409093715e+00 1.236722218542911089e-01 9.921520527998572980e-01 -1.842513681502317563e-02 3.703866045418319208e-01 -3.310282034724676414e-02 2.268220411407357445e-02 9.991945360647171981e-01 -5.518485547577822725e-02
9.913406123134917980e-01 -1.267819707997943079e-01 3.420704982940246663e-02 3.428728644659174041e+00 1.274794308181726454e-01 9.916585529460756332e-01 -1.903441848783425649e-02 3.870328157141497138e-01 -3.150849244546388706e-02 2.323028732098195853e-02 9.992334905590377625e-01 -5.291303652385204170e-02
9.909114623651037457e-01 -1.303154697135937568e-01 3.335194307348623294e-02 3.664974476032772266e+00 1.310518565150776138e-01 9.911545798985667011e-01 -2.092868008373393110e-02 4.189695450327599602e-01 -3.032960035020483905e-02 2.510930304530976584e-02 9.992245184357595456e-01 -5.830533450108033033e-02
9.903349116542197184e-01 -1.349694674699733477e-01 3.193752666849231786e-02 3.913136448840166093e+00 1.357391623949559256e-01 9.904707544836941491e-01 -2.329300978442496242e-02 4.558497840831327030e-01 -2.848934100930797589e-02 2.740305390596708621e-02 9.992184096009650851e-01 -6.361482187256606302e-02
9.895270708805757875e-01 -1.415064597491835774e-01 2.849733046727037644e-02 4.162153520596137746e+00 1.422370608113731061e-01 9.895046021620903520e-01 -2.548059716304200417e-02 4.982700147001153379e-01 -2.459257054986082464e-02 2.926711720166779579e-02 9.992690535208493818e-01 -7.315506189434717310e-02
9.885196962128740550e-01 -1.492907311178929552e-01 2.326129406314800599e-02 4.413414490033034099e+00 1.498823180320593973e-01 9.883570643088738228e-01 -2.618404422699422557e-02 5.387525316935710684e-01 -1.908142920600719092e-02 2.936990011950279394e-02 9.993864658011066826e-01 -8.388328265216893342e-02
9.875764867913352507e-01 -1.558362025772058179e-01 2.019308552945044827e-02 4.690061960870247404e+00 1.563149805307711415e-01 9.873955690867570745e-01 -2.481163052892002008e-02 5.788062465065100248e-01 -1.607201289659371951e-02 2.765986468070771170e-02 9.994881801638759722e-01 -8.683523704392848153e-02
9.865873934881508323e-01 -1.619325702753090235e-01 2.057079712332143123e-02 4.972567801327469006e+00 1.624234943545188881e-01 9.864048380021787077e-01 -2.498207452480922727e-02 6.219085326207067776e-01 -1.624572226539388459e-02 2.798818053978601936e-02 9.994762319625954961e-01 -8.998234783691017036e-02
9.854086155421581950e-01 -1.684945129259720342e-01 2.407196562656447464e-02 5.270087067283763638e+00 1.691314298726233345e-01 9.852110071823541038e-01 -2.745597851057532401e-02 6.804599129693649218e-01 -1.908978377376124858e-02 3.112668373872676947e-02 9.993331325013197208e-01 -9.586888376743218920e-02
9.838386747804370724e-01 -1.767249825455751988e-01 2.880525213462737516e-02 5.573499424269589220e+00 1.775700938938603868e-01 9.836501296578312736e-01 -3.002139534827447456e-02 7.615279347282406519e-01 -2.302875942813512045e-02 3.465116114068804432e-02 9.991341117541744365e-01 -1.062833749443274911e-01
9.829136929081729868e-01 -1.815474510041379386e-01 3.035119977065098631e-02 5.874613177247415052e+00 1.824976423384904178e-01 9.826798433804239119e-01 -3.217042049333605769e-02 8.207832454841679226e-01 -2.398505439873482512e-02 3.715976920980204601e-02 9.990214555842952260e-01 -1.113057557210730408e-01
9.820438189062080658e-01 -1.861465752860043399e-01 3.064947401510683886e-02 6.183184693215293848e+00 1.871518333327530648e-01 9.817406664915744319e-01 -3.405077145776320979e-02 8.842970179881555204e-01 -2.375140055449813034e-02 3.917545489169611816e-02 9.989500261303007056e-01 -1.162942238127229189e-01
9.814299221981910293e-01 -1.894984110937799338e-01 2.976004043991752404e-02 6.498495483477695345e+00 1.905045253681318662e-01 9.810378269870010381e-01 -3.567643248540747214e-02 9.396756265607590919e-01 -2.243509813474273487e-02 4.068334073740537127e-02 9.989201830767704404e-01 -1.196547471572941834e-01
9.814380968511249304e-01 -1.898294912592824735e-01 2.727684544598325475e-02 6.803777801384558011e+00 1.907078352520681641e-01 9.810463862670920632e-01 -3.432942711071113734e-02 9.818403625110501132e-01 -2.024311296989894302e-02 3.889411575703444895e-02 9.990382696057075185e-01 -1.113119442618122346e-01
9.813983915944278769e-01 -1.901268277029775633e-01 2.662679784488405921e-02 7.125517379556336905e+00 1.909598352136482324e-01 9.810322782160944000e-01 -3.331681907559451428e-02 1.030680370851353445e+00 -1.978732703136917154e-02 3.778172158255718727e-02 9.990900876313466572e-01 -1.153092436584879366e-01
9.819303534285013235e-01 -1.874234473617342467e-01 2.617694395497067311e-02 7.440856234068015773e+00 1.882085650892749984e-01 9.816177093905812390e-01 -3.168925114016678951e-02 1.100193480373589106e+00 -1.975644307092210700e-02 3.604336263213591546e-02 9.991549224056065492e-01 -1.184501998578340043e-01
9.830973191188812077e-01 -1.814591026619196967e-01 2.433629393312836120e-02 7.754925057374382646e+00 1.821828079512265719e-01 9.827493601277870194e-01 -3.182954060981315475e-02 1.163354009493570373e+00 -1.814071741346581779e-02 3.572519040615659142e-02 9.991969901586816860e-01 -1.210339008580056941e-01
9.844869922963050968e-01 -1.741296750656284587e-01 2.154572488716945469e-02 8.079119071387271589e+00 1.747408097661901916e-01 9.841330979790475775e-01 -3.078465306639735152e-02 1.226471809530536472e+00 -1.584333934595446788e-02 3.407200792000630168e-02 9.992937940739289315e-01 -1.193167181886101158e-01
9.854266071876831568e-01 -1.689200792929524408e-01 2.001021384778836273e-02 8.403720170559072500e+00 1.694511972109098430e-01 9.851191047081572227e-01 -2.875137045060675509e-02 1.290498853519692180e+00 -1.485576017445449856e-02 3.172312012809169052e-02 9.993862866974799752e-01 -1.205460539997387226e-01
9.864934397260275434e-01 -1.626830917348006667e-01 1.910248782533038175e-02 8.746782290377845825e+00 1.631736793016244080e-01 9.862061233906149749e-01 -2.778187484720616440e-02 1.341260330608251339e+00 -1.431934917100270190e-02 3.052366050233205896e-02 9.994314695810099236e-01 -1.224832177806038924e-01
9.874899941544140747e-01 -1.564725974952762833e-01 1.948942477335753251e-02 9.093168448450105856e+00 1.570054986107896899e-01 9.871501578179320280e-01 -2.972943534628670614e-02 1.388062158995815309e+00 -1.458714677009924528e-02 3.241746679049716667e-02 9.993679617618299593e-01 -1.246035973620833737e-01
9.886468699287345174e-01 -1.486625398407259158e-01 2.183611293752374394e-02 9.442926808501193037e+00 1.493756151702842483e-01 9.881327581433214657e-01 -3.578516279928264238e-02 1.434390061935149951e+00 -1.625706531372918956e-02 3.864067199437138528e-02 9.991209167539274461e-01 -1.358763276989183311e-01
9.897154413310474963e-01 -1.412228074025716207e-01 2.279174982808654382e-02 9.786482920925500650e+00 1.420393388801593770e-01 9.890757327708359359e-01 -3.942107373374224150e-02 1.472952885846646076e+00 -1.697561195884141755e-02 4.225297046563786935e-02 9.989627195673783655e-01 -1.410897308944285555e-01
9.906486584803431139e-01 -1.345565137310323900e-01 2.257830958346888212e-02 1.012594906886735124e+01 1.353701507684467176e-01 9.900063216051757653e-01 -3.952727492146910354e-02 1.524430346707185802e+00 -1.703401690807196389e-02 4.221407104674792382e-02 9.989633699358728691e-01 -1.427228546251324559e-01
9.915597408275200753e-01 -1.277683241667512126e-01 2.201217185289396777e-02 1.046226123235080685e+01 1.285219748605452850e-01 9.910112328909831403e-01 -3.713271147975951564e-02 1.568932742513346579e+00 -1.706992524900828589e-02 3.964834956859706466e-02 9.990678785890775293e-01 -1.443594776066245977e-01
9.922009681255860025e-01 -1.227223087667266149e-01 2.182827940113609214e-02 1.079623769489704266e+01 1.233936760281691830e-01 9.918203054408804009e-01 -3.265704260054761582e-02 1.612949963001742315e+00 -1.764198307745112534e-02 3.509582092105800050e-02 9.992282240744463362e-01 -1.418548008702731344e-01
9.928274060912088972e-01 -1.175013158589503365e-01 2.207221070978033009e-02 1.113516717170955062e+01 1.181414341932208872e-01 9.925324550191069184e-01 -3.036325510404287373e-02 1.653125690138608217e+00 -1.833966305499127106e-02 3.275311443450096283e-02 9.992951967531265023e-01 -1.412697001135740926e-01
9.934296505759416807e-01 -1.121926611110137667e-01 2.259062082793350523e-02 1.148062623201679422e+01 1.128567110518668287e-01 9.931384985590280268e-01 -3.064776420026060766e-02 1.692672230732979788e+00 -1.899716102784008986e-02 3.299590084765913200e-02 9.992749263341563770e-01 -1.435644306283836436e-01
9.938904659289795607e-01 -1.079159910305678149e-01 2.314909534660519047e-02 1.182308484590776487e+01 1.086325248430566048e-01 9.935563957340325381e-01 -3.232124753503873987e-02 1.726765701272892084e+00 -1.951195227798851323e-02 3.463852444733991204e-02 9.992094156594064636e-01 -1.459759762419334805e-01
9.942017414072450432e-01 -1.049056129813104726e-01 2.361587914554512738e-02 1.217429927409396129e+01 1.057129434822798725e-01 9.937440714733771774e-01 -3.602074390996987119e-02 1.756414514911783353e+00 -1.968936167359904357e-02 3.830839041947382839e-02 9.990719675080246276e-01 -1.476568140026568443e-01
9.944088174970601157e-01 -1.027829492294248248e-01 2.422331587128652430e-02 1.253420810241466299e+01 1.036987364360044961e-01 9.937962741899568631e-01 -4.019374911271918205e-02 1.786455010510286989e+00 -1.994180898701813920e-02 4.248094577409521067e-02 9.988982398124764961e-01 -1.491280745657732609e-01
9.946505112826666828e-01 -1.002511997297473173e-01 2.490095094320966471e-02 1.288326268863704627e+01 1.012453173350173347e-01 9.939524424776089440e-01 -4.251973436567083042e-02 1.810407259076904474e+00 -2.048770662766969883e-02 4.481338020660662058e-02 9.987852696308634481e-01 -1.514288720568695013e-01
9.949861430165537479e-01 -9.681224531191504057e-02 2.509909087412638684e-02 1.322218511859776413e+01 9.783028888197947692e-02 9.942682333308782150e-01 -4.312672914055525053e-02 1.835930238202008624e+00 -2.078003326057285827e-02 4.536594919937152193e-02 9.987542845319510310e-01 -1.532530109782554995e-01
9.953692437083319078e-01 -9.298091902221844451e-02 2.438477757305067273e-02 1.354774564394048753e+01 9.392837484078711552e-02 9.947296985281207649e-01 -4.111310333607386819e-02 1.870136264861316455e+00 -2.043352831187239538e-02 4.321314110242106127e-02 9.988568943331123107e-01 -1.521574710895632343e-01
9.957462432808132924e-01 -8.924996682724689601e-02 2.288804083976251486e-02 1.385760380268403935e+01 9.004764885084126647e-02 9.952655391336313606e-01 -3.657769196488087904e-02 1.902301118385966383e+00 -1.951512051161594097e-02 3.848311362633557997e-02 9.990686713319758550e-01 -1.483645187796653886e-01
9.961565029540270233e-01 -8.489011603058102540e-02 2.158448106205265032e-02 1.415728058953128077e+01 8.561100121984591138e-02 9.957132234330940967e-01 -3.501332818531890934e-02 1.927190061106344388e+00 -1.851966772215848239e-02 3.672662359640208041e-02 9.991537304272396502e-01 -1.480306206025492344e-01
9.965955416817915413e-01 -7.981575433049442614e-02 2.065845252265288701e-02 1.444664059669923084e+01 8.050723787988744995e-02 9.961344172979335054e-01 -3.513982531911240270e-02 1.951125781697025996e+00 -1.777388390104309157e-02 3.668334819997592922e-02 9.991688651153575185e-01 -1.474127718531703657e-01
9.970794116312171607e-01 -7.379187054369486243e-02 1.968265080745547346e-02 1.470727435446188380e+01 7.448557346243907251e-02 9.965276233435056419e-01 -3.721014995019199939e-02 1.970333468887116357e+00 -1.686849866221769301e-02 3.856754795170106581e-02 9.991136061519110267e-01 -1.481252439046314429e-01
9.972535372508002371e-01 -7.156678959293188980e-02 1.906769698017975537e-02 1.491601605762552474e+01 7.230372937936860311e-02 9.965287516299127235e-01 -4.126279065650837602e-02 1.999152465645936960e+00 -1.604846281118445586e-02 4.252812954138496943e-02 9.989663683223320989e-01 -1.549920121762533576e-01
9.976125208061518146e-01 -6.669572543376205143e-02 1.791475759421562453e-02 1.515187537390464811e+01 6.741973814665881692e-02 9.967794922121311352e-01 -4.341915261220517103e-02 2.012280992110823785e+00 -1.496119109667542330e-02 4.452329855469189940e-02 9.988963102578657383e-01 -1.537541875662298274e-01
9.979645459015930031e-01 -6.176322912070741217e-02 1.587667005421306357e-02 1.536611882851254762e+01 6.242143925121124842e-02 9.970354410165472858e-01 -4.498770141656982524e-02 2.025486622982935359e+00 -1.305101701917095632e-02 4.588717561064414863e-02 9.988613707963900357e-01 -1.513192725482856993e-01
9.983110513710659051e-01 -5.628805840312409159e-02 1.437703695493209970e-02 1.556848324867240763e+01 5.687302733447384406e-02 9.974038240284807122e-01 -4.417092454517684841e-02 2.031557611403984165e+00 -1.185341605652915666e-02 4.491398773845411974e-02 9.989205324915595430e-01 -1.486016325394960980e-01
9.982875846872640846e-01 -5.641564626256127118e-02 1.546522279328689520e-02 1.573700072975155528e+01 5.698606817921663542e-02 9.976000222054419719e-01 -3.932917147837459299e-02 2.036332458296063574e+00 -1.320932597607151968e-02 4.014312584340282847e-02 9.991066225157245739e-01 -1.538045376120775742e-01
9.984740396936420126e-01 -5.310910380401615699e-02 1.513324654506187188e-02 1.589509310531587083e+01 5.366280565928639029e-02 9.978013937819436574e-01 -3.889321091893106069e-02 2.045794577837813044e+00 -1.303439091914351290e-02 3.964595389122368280e-02 9.991287719775774345e-01 -1.503979394643488732e-01
9.986585824972803449e-01 -4.964480001105674167e-02 1.471154092489463348e-02 1.603841302024513027e+01 5.018707277236696129e-02 9.979732461923032094e-01 -3.912361960424448615e-02 2.050330069640400765e+00 -1.273943998234664150e-02 3.980946767112894524e-02 9.991260746035394158e-01 -1.467839484922222049e-01
9.987924001552838105e-01 -4.689872972315673599e-02 1.463729969637641778e-02 1.616231348754097041e+01 4.743676534674432649e-02 9.981174288723543286e-01 -3.887610416024789989e-02 2.054443465463400287e+00 -1.278650403688056866e-02 3.952350353390780141e-02 9.991368264571773850e-01 -1.428673138428027123e-01
9.988567861002793924e-01 -4.530159949167092415e-02 1.526060106669968781e-02 1.623880613926762706e+01 4.585704278977123516e-02 9.982150335714348177e-01 -3.826066359273343903e-02 2.050200664612410684e+00 -1.350009214775233814e-02 3.891672950641496959e-02 9.991512576564806070e-01 -1.493236912597701860e-01
9.989349220729267786e-01 -4.386589409714500287e-02 1.431100269770752172e-02 1.631805166330349621e+01 4.436879908861773858e-02 9.983315441777494970e-01 -3.695318074407328429e-02 2.053750000266088005e+00 -1.266614110886211085e-02 3.754878473037887715e-02 9.992145203281836974e-01 -1.469579545271462173e-01
9.990303501759314475e-01 -4.231364274727973662e-02 1.216203374487003115e-02 1.638634875879704111e+01 4.273270589038709322e-02 9.984175631183085375e-01 -3.655523907983796589e-02 2.048622682087118729e+00 -1.059600276715010926e-02 3.703950990974391039e-02 9.992576241545543247e-01 -1.428920999741287723e-01
9.991111443857201291e-01 -4.105469302782938784e-02 9.562078469005049972e-03 1.644996578051044978e+01 4.138260006571225363e-02 9.984551387007911671e-01 -3.707851687682681835e-02 2.042551442846956000e+00 -8.025059255732968841e-03 3.744126309801146940e-02 9.992666061875417061e-01 -1.387974611060842633e-01
9.991030848588591251e-01 -4.175894203667399746e-02 7.015453334540932770e-03 1.654057395999056368e+01 4.200465278090283888e-02 9.983333391192210637e-01 -3.957465284525144011e-02 2.051332189400695061e+00 -5.351165318620973096e-03 3.983383942132716349e-02 9.991919886922076000e-01 -1.467373771926316905e-01
9.991402238452449236e-01 -4.104734655145885619e-02 5.824812062057967664e-03 1.661632016149529534e+01 4.125217809405756081e-02 9.983068813547302245e-01 -4.100766321419313520e-02 2.057719719073832998e+00 -4.131694200932008003e-03 4.121269198774778209e-02 9.991418533532427926e-01 -1.476963765955856545e-01
9.991479326813788031e-01 -4.090160164448537750e-02 5.519746501674083206e-03 1.668296945632716444e+01 4.109473400576381386e-02 9.983053167040487619e-01 -4.120336730686464249e-02 2.065720789967256721e+00 -3.825108563483021334e-03 4.139509177843086335e-02 9.991355338096692407e-01 -1.432982164416518600e-01
9.990993855726448825e-01 -4.209182722920291192e-02 5.356848781745133896e-03 1.675059104943339605e+01 4.227611777777193908e-02 9.982684089332771737e-01 -4.090126637970030454e-02 2.076205129148707140e+00 -3.625963872338928799e-03 4.109089687911642030e-02 9.991488330472424462e-01 -1.389374604279569603e-01
9.989211737088755649e-01 -4.606275603813582420e-02 5.891623057664741384e-03 1.686863545997261582e+01 4.626340634946712882e-02 9.981151410880867436e-01 -4.032198362745546827e-02 2.090989631997523190e+00 -4.023176484633678510e-03 4.055104976298251618e-02 9.991693682324802595e-01 -1.439261095181381123e-01
9.986827576823278374e-01 -5.090831253559240793e-02 6.410399581871917621e-03 1.698240064776406655e+01 5.112472535309212779e-02 9.978906911033779137e-01 -4.000538797204317848e-02 2.105414673804290260e+00 -4.360271275014569042e-03 4.028042110009829452e-02 9.991789007532169142e-01 -1.474311408989681382e-01
9.984288957889875249e-01 -5.567102465226295149e-02 6.362159047843684787e-03 1.706983064868692068e+01 5.588234452865208091e-02 9.976294118120641041e-01 -4.015868844342364297e-02 2.109909170968411907e+00 -4.111401654418712567e-03 4.045112732275912837e-02 9.991730594220171735e-01 -1.439739082730717712e-01
9.981165667549577458e-01 -6.103280159596231186e-02 6.190016045522002408e-03 1.716806430578586884e+01 6.123413277845583119e-02 9.973013503210456099e-01 -4.050182256009415144e-02 2.107434083782875778e+00 -3.701371660122936957e-03 4.080458034543193307e-02 9.991602904792937778e-01 -1.409941927184847899e-01
9.977830139627756889e-01 -6.628278450412780631e-02 5.970722379979836146e-03 1.728245302669697381e+01 6.647059097116245208e-02 9.969695294046092560e-01 -4.041556599500373270e-02 2.115789020253611152e+00 -3.273772029914876446e-03 4.072284269462829454e-02 9.991651177355846958e-01 -1.445238222037796838e-01
9.974232690263246104e-01 -7.150997727124464021e-02 5.757217687907652086e-03 1.740182018487557158e+01 7.168299186635304632e-02 9.966339464586008168e-01 -3.977845451300393576e-02 2.136500445501237966e+00 -2.893282206810514519e-03 4.008865072587045053e-02 9.991919380184424160e-01 -1.508665273586027311e-01
9.970157115151789817e-01 -7.700610581986258585e-02 5.452582722118490960e-03 1.749678263991948768e+01 7.716155116778086742e-02 9.962414426534572653e-01 -3.935839124176823689e-02 2.151240801521010937e+00 -2.401252436407484356e-03 3.966166418871365507e-02 9.992102813624960111e-01 -1.473152563381527891e-01
9.964897461109504251e-01 -8.357480084680786458e-02 4.841338570053051356e-03 1.760085404366871842e+01 8.370063617644583898e-02 9.957202245583043343e-01 -3.918466420958903462e-02 2.162716752621137051e+00 -1.545768220570561914e-03 3.945233920791522964e-02 9.992202577668408692e-01 -1.439708698527448760e-01
9.959334406771479520e-01 -9.000421309977006679e-02 3.977859382731674734e-03 1.771800273842107032e+01 9.009096237876880464e-02 9.951692082356110580e-01 -3.901109428578287269e-02 2.177314217939468222e+00 -4.474803290328535806e-04 3.921082253661808265e-02 9.992308597903474254e-01 -1.415453470790062340e-01
9.953642250416803172e-01 -9.613047060956138312e-02 2.998687639544183985e-03 1.785468217979976657e+01 9.617455894826577867e-02 9.946203227461670737e-01 -3.848204505242663886e-02 2.205472653503460556e+00 7.167414330497385525e-04 3.859204841278444931e-02 9.992547923733082760e-01 -1.406076594736447305e-01
9.945773574317674504e-01 -1.039627764317632430e-01 2.760652213037785054e-03 1.797611864734501097e+01 1.039917791100519739e-01 9.938319689070340690e-01 -3.851918295984689544e-02 2.226478986933204673e+00 1.260936782037844900e-03 3.859739233377319778e-02 9.992540474491281577e-01 -1.368136965303357044e-01
9.937292493314627828e-01 -1.117843360885716758e-01 2.537957518309567981e-03 1.810469045934562971e+01 1.118000253943711580e-01 9.930089925915849269e-01 -3.786680543779184782e-02 2.246989212405271719e+00 1.712701067161854270e-03 3.791309585727428710e-02 9.992795724008229907e-01 -1.331075360385001183e-01
9.927406308423961656e-01 -1.202544251475900355e-01 2.216552968881172012e-03 1.825013595271953193e+01 1.202525076973365442e-01 9.920324297449716333e-01 -3.756318312909266016e-02 2.272250896836950584e+00 2.318246566525069847e-03 3.755704416897583803e-02 9.992917963068376208e-01 -1.308937920241612929e-01
9.918913255823299524e-01 -1.270775210599851268e-01 1.703489294745860402e-03 1.847237183978209885e+01 1.270496594604426932e-01 9.911624598608642644e-01 -3.814920960578734033e-02 2.295368414614546104e+00 3.159472347374270816e-03 3.805629782059452570e-02 9.992706019545838370e-01 -1.407862963180699367e-01
9.908181750864556436e-01 -1.351831070616274499e-01 2.207143744790444981e-03 1.861301507509953623e+01 1.351683877782311471e-01 9.900870424944804293e-01 -3.817270268092943369e-02 2.329727730046544210e+00 2.975040130707991715e-03 3.812054367001448812e-02 9.992687192574993826e-01 -1.366554560147577035e-01
9.897437157551172149e-01 -1.428202210660888538e-01 3.124352394873694018e-03 1.877125766940052287e+01 1.428356374391350492e-01 9.890226928135359419e-01 -3.784301490656088313e-02 2.361520527427406257e+00 2.314692335885918176e-03 3.790115505490212339e-02 9.992788122665738904e-01 -1.329084743620381204e-01
9.886060206845769249e-01 -1.504698680081038020e-01 4.117607051413989076e-03 1.894597343435591696e+01 1.505182693351519441e-01 9.879032929618296599e-01 -3.730059451971270978e-02 2.388601593046471017e+00 1.544817968790242017e-03 3.749536740448317085e-02 9.992956073958526586e-01 -1.294137214984276696e-01
9.873003529469254191e-01 -1.587746452268631869e-01 5.350243355241783225e-03 1.923826328463327329e+01 1.588639705673465241e-01 9.866289649557288266e-01 -3.640775145439031912e-02 2.443017875972451236e+00 5.019227568351701876e-04 3.679534676383877656e-02 9.993226958946119787e-01 -1.263847952372474381e-01
9.863188208023425663e-01 -1.647393224912301057e-01 6.011601800431275178e-03 1.944223877490666297e+01 1.648489596141493319e-01 9.856482762055600588e-01 -3.636338992916659379e-02 2.489166997676858450e+00 6.515526858599839446e-05 3.685690217772701754e-02 9.993205514331486849e-01 -1.226851505470101245e-01
9.852669071139954493e-01 -1.709062517346396082e-01 6.338364460773893844e-03 1.964931033692008455e+01 1.710237081559659866e-01 9.846145064921439927e-01 -3.584919599955915109e-02 2.534444843137787728e+00 -1.139938795271413889e-04 3.640503705873460866e-02 9.993371104297826824e-01 -1.190090833551789018e-01
9.844102568657084884e-01 -1.757745097320657923e-01 6.306179988055835364e-03 1.986176726994832720e+01 1.758875916133604556e-01 9.837846501842686386e-01 -3.509012935667083638e-02 2.581825611789448693e+00 -3.597278944495905725e-05 3.565226206383078494e-02 9.993642553722292821e-01 -1.153258270465267188e-01
9.836512852396558371e-01 -1.800027178100951086e-01 5.400983924475466491e-03 2.016507031800102112e+01 1.800800184098497458e-01 9.829960407083276897e-01 -3.591616518031789246e-02 2.626628347506808403e+00 1.155861532084815225e-03 3.630159132505032110e-02 9.993402115653045037e-01 -1.146304442315502214e-01
9.833600929204044938e-01 -1.815981724327994096e-01 5.003141077427305031e-03 2.043708941141913726e+01 1.816601120334673247e-01 9.827082097958333984e-01 -3.583543073351227320e-02 2.667340912763960681e+00 1.591020917993418108e-03 3.614800366459403752e-02 9.993451808476904175e-01 -1.118495164967354683e-01
9.832957428135608025e-01 -1.819494706973930620e-01 4.885926490042065591e-03 2.070904533121258240e+01 1.820084840349870114e-01 9.826777117151529461e-01 -3.489164137091628481e-02 2.712102545613267246e+00 1.547224616358494663e-03 3.519808249335844297e-02 9.993791578198822911e-01 -1.080669667577680571e-01
9.836192895401093539e-01 -1.802037763604220633e-01 4.437592821943253663e-03 2.098953293454765046e+01 1.802497756305420640e-01 9.830331948556714217e-01 -3.399641447256911142e-02 2.757261444987197940e+00 1.763981221447587233e-03 3.423940416091450500e-02 9.994121029750219209e-01 -1.041637038977691887e-01
9.839809899330691501e-01 -1.782404406132092056e-01 3.428816172721424298e-03 2.130946972678314211e+01 1.782505369723924038e-01 9.833645646493347492e-01 -3.494107984991669941e-02 2.832634780571338773e+00 2.856137144999678842e-03 3.499254666401866581e-02 9.993834920382542730e-01 -1.033367271747849259e-01
9.841423165899919612e-01 -1.773639970486273199e-01 2.431717051515302347e-03 2.162975256556419623e+01 1.773329764040423862e-01 9.834673954441323085e-01 -3.667284524028715381e-02 2.904962304517932914e+00 4.112927979852217322e-03 3.652252249324012406e-02 9.993243663466648830e-01 -1.004573519862876907e-01
9.842404424681447939e-01 -1.768230237375459368e-01 2.090379492287013953e-03 2.194821019307734389e+01 1.767758247045332909e-01 9.835334563270635710e-01 -3.757988937413594965e-02 2.963497676029656525e+00 4.589031503772932584e-03 3.735717550419798139e-02 9.992914400855267276e-01 -9.538116452838973913e-02
9.843644802119716486e-01 -1.761183531230194887e-01 2.982581138915578901e-03 2.228310081818798949e+01 1.761060392350786152e-01 9.836637484767257744e-01 -3.731344097841503282e-02 3.021821662469771574e+00 3.637724831229764439e-03 3.725527648470927655e-02 9.992991600777516581e-01 -9.067537148800930424e-02
9.847630204419067779e-01 -1.737953148202657505e-01 6.081292350935440724e-03 2.266163995669492337e+01 1.739015899413236255e-01 9.841250463719555253e-01 -3.544192600968850554e-02 3.084060005959035067e+00 1.748885718246182518e-04 3.595944451630510991e-02 9.993532347293755391e-01 -9.254328181103765871e-02
9.851360024302895368e-01 -1.714745033983964551e-01 1.017602083045938618e-02 2.305253720139544171e+01 1.717241414819567769e-01 9.845660455570700575e-01 -3.377160298828543739e-02 3.146387933924350122e+00 -4.227995737167721847e-03 3.501709040435548037e-02 9.993777701308247385e-01 -9.632623819500985007e-02
9.853924796930464414e-01 -1.697416196590086634e-01 1.376384829637477235e-02 2.341708828028362532e+01 1.701160482079419334e-01 9.848578565469305879e-01 -3.339958891810867331e-02 3.213001129538442413e+00 -7.886133812099937676e-03 3.525315522505639149e-02 9.993472989607645740e-01 -9.519318290043443653e-02
9.858747881592019313e-01 -1.665712666594786340e-01 1.746182108216903436e-02 2.378872878380771994e+01 1.670729162423491010e-01 9.853957201311461800e-01 -3.289248250735712226e-02 3.287768060937581005e+00 -1.172786128523996621e-02 3.534526659507106899e-02 9.993063441202589825e-01 -9.502114494854208004e-02
9.859332169595472761e-01 -1.658603298899373468e-01 2.064080096796971561e-02 2.417297484234389060e+01 1.664729982621687421e-01 9.855029001693887958e-01 -3.272269254397832533e-02 3.358517220969022610e+00 -1.491417263552204456e-02 3.569852555113333520e-02 9.992513110964993395e-01 -9.449608771290485265e-02
9.856208960168237887e-01 -1.674885143863692749e-01 2.233935727903880314e-02 2.456075579237556639e+01 1.681624455762890935e-01 9.852139484966040417e-01 -3.278517325762470708e-02 3.427981206147588722e+00 -1.651790642893889022e-02 3.607039279489251266e-02 9.992127328706470468e-01 -9.283263506622407846e-02
9.858930669556109638e-01 -1.658343104294859871e-01 2.266808358101952969e-02 2.493075489512611398e+01 1.665186548514340226e-01 9.854972892562805509e-01 -3.265930885661734451e-02 3.493013683687313353e+00 -1.692330095838880805e-02 3.597324495927227417e-02 9.992094512822484731e-01 -9.398889997710302424e-02
9.861953731380287413e-01 -1.641401049298094328e-01 2.183373432959959462e-02 2.529046479008889037e+01 1.647913421548758695e-01 9.857954273965431335e-01 -3.242204303959827366e-02 3.551473675579846834e+00 -1.620183791855174874e-02 3.557247921776155591e-02 9.992357575519217328e-01 -9.485292719598259481e-02
9.864650680944766492e-01 -1.626973348114651441e-01 2.040212426698633993e-02 2.566263233450305847e+01 1.633028120044247022e-01 9.860333096051939750e-01 -3.271855651576396212e-02 3.608347112108355681e+00 -1.479395216995988901e-02 3.560743734493865970e-02 9.992563481834474404e-01 -9.314368131872008405e-02
9.862419460473880184e-01 -1.643397315230830658e-01 1.786830992517126487e-02 2.606603735194039828e+01 1.648742361296200998e-01 9.857169465412066733e-01 -3.433056309113203391e-02 3.669908097349724230e+00 -1.197122037785885301e-02 3.680426530174061434e-02 9.992507873093039450e-01 -8.242815713730244909e-02
9.866294999432085877e-01 -1.620904395816899768e-01 1.699762448193001957e-02 2.644071701664921648e+01 1.625967807820663247e-01 9.860870365212992539e-01 -3.456361213690612583e-02 3.723965132777964371e+00 -1.115870606848611002e-02 3.686523838057096519e-02 9.992579434150228312e-01 -8.191106957889093820e-02
9.869796473795983127e-01 -1.599891633326084583e-01 1.657236478525861770e-02 2.680966150815086024e+01 1.604832226509767257e-01 9.864260003209391892e-01 -3.476896803748303483e-02 3.777589489990290872e+00 -1.078475340472712270e-02 3.697585032107340158e-02 9.992579624836785968e-01 -8.096184324001232113e-02
9.873320826093108238e-01 -1.577920880112161639e-01 1.664378597019152903e-02 2.718143225732777779e+01 1.582889037417839206e-01 9.867840733778976414e-01 -3.466721044370594390e-02 3.831800977601112379e+00 -1.095361139465890130e-02 3.686257572097394880e-02 9.992603108843212123e-01 -8.007203041943444788e-02
9.874292181334801688e-01 -1.569065019601410538e-01 1.907587007022955999e-02 2.763079747174548118e+01 1.574799503127590761e-01 9.869493672694248376e-01 -3.363051733132860210e-02 3.930762223446619075e+00 -1.355007106235815717e-02 3.621182250473065078e-02 9.992522701926129791e-01 -8.344159853147381511e-02
9.879483619345990064e-01 -1.534852313669540780e-01 2.000794599590338327e-02 2.799850991260702315e+01 1.540954198328388647e-01 9.874804341379351813e-01 -3.371933838757826957e-02 3.988253769861909603e+00 -1.458203474428497112e-02 3.639609796375790213e-02 9.992310485146710386e-01 -8.334824143348384951e-02
