9.997845351135880021e-01 5.347847399658296665e-04 2.075083981405413322e-02 1.622639894485473633e-01 3.671603852615625083e-04 9.990560859823413020e-01 -4.343733710641095591e-02 1.018693763762712479e-02 -2.075448243050471639e-02 4.343559677184591350e-02 9.988406281244848195e-01 -2.148980565834790468e-04
9.997801471212846014e-01 4.871151879333780483e-04 2.096235055846963277e-02 1.706362068653106689e-01 4.243831017510504757e-04 9.990552415894639049e-01 -4.345623259787877862e-02 9.463121183216571808e-03 -2.096371439238370674e-02 4.345557468739400658e-02 9.988353896951503996e-01 -2.198760485043749213e-04
9.997758207949765108e-01 4.257974075243405022e-04 2.116900683307499503e-02 1.789939850568771362e-01 4.952203594002011064e-04 9.990540195862833706e-01 -4.348356822163766677e-02 8.702679537236690521e-03 -2.116749655785175183e-02 4.348430343305417778e-02 9.988298415868517299e-01 -2.302797511219978333e-04
9.997716115068217002e-01 3.491792328627301551e-04 2.136826850533420433e-02 1.873320043087005615e-01 5.814235356361129037e-04 9.990519955220005244e-01 -4.352898103770409810e-02 7.897644303739070892e-03 -2.136321070731009644e-02 4.353146353354010734e-02 9.988236205211123986e-01 -2.516484819352626801e-04
9.997674553977228262e-01 2.656706687460786646e-04 2.156303658249640251e-02 1.956455856561660767e-01 6.742829172933001349e-04 9.990500623236604483e-01 -4.357199001236592567e-02 7.055941037833690643e-03 -2.155412884135558468e-02 4.357639716849062012e-02 9.988175594870688512e-01 -2.828308206517249346e-04
9.997634220197844090e-01 1.550040666422710560e-04 2.175030953870883341e-02 2.039345800876617432e-01 7.939551241092380205e-04 9.990481296317806903e-01 -4.361426732735080442e-02 6.191486027091741562e-03 -2.173636645235870260e-02 4.362121792178714347e-02 9.988116537768613190e-01 -3.250769514124840498e-04
9.997597911887297073e-01 3.466367275751293690e-05 2.191708741364847141e-02 2.121801376342773438e-01 9.227929082194087206e-04 9.990454195337384879e-01 -4.367376972400110330e-02 5.274516064673662186e-03 -2.189767968338785648e-02 4.368350383252615071e-02 9.988054080337157581e-01 -3.775179211515933275e-04
9.997565877169105608e-01 -1.007840051568777216e-04 2.206252839598367779e-02 2.203804999589920044e-01 1.065926997178835841e-03 9.990424489443250344e-01 -4.373841568875529162e-02 4.318563733249902725e-03 -2.203699426591491581e-02 4.375128626577708124e-02 9.987993771693162159e-01 -4.362002073321491480e-04
9.997536012909865599e-01 -2.372562656220440877e-04 2.219640545600987114e-02 2.285365462303161621e-01 1.209837938903845578e-03 9.990389764779294968e-01 -4.381392210351093414e-02 3.310186788439750671e-03 -2.216467906072069893e-02 4.382998046309578150e-02 9.987931016055026090e-01 -5.121150752529501915e-04
9.997509905720213252e-01 -3.910929920305267378e-04 2.231151936855909831e-02 2.366440892219543457e-01 1.370436315937473065e-03 9.990351799706216340e-01 -4.389568413149012860e-02 2.270130440592765808e-03 -2.227282547334223997e-02 4.391533020870022619e-02 9.987869467599658213e-01 -5.961098941043019295e-04
9.997485286016642991e-01 -5.563272057048369683e-04 2.241807437866402686e-02 2.447049617767333984e-01 1.542219111001399100e-03 9.990310323304726348e-01 -4.398429266139972788e-02 1.200262457132339478e-03 -2.237188233074682148e-02 4.400780545255798121e-02 9.987806625782403858e-01 -6.942937616258859634e-04
9.997461188045934088e-01 -7.268446247351333447e-04 2.252042699513393670e-02 2.527169585227966309e-01 1.718768764695685972e-03 9.990275166238312687e-01 -4.405754035751380249e-02 1.195399090647697449e-04 -2.246650326786903823e-02 4.408506238298801061e-02 9.987751316015045511e-01 -8.012570906430482864e-04
9.997438180374571548e-01 -9.030980309357418889e-04 2.261598350358192192e-02 2.606739997863769531e-01 1.900229948820053149e-03 9.990250007510913521e-01 -4.410710827546389379e-02 -9.628897532820701599e-04 -2.255409989401875939e-02 4.413878439907932549e-02 9.987707846596945993e-01 -9.117133449763059616e-04
9.997415870895740575e-01 -1.082732676947542605e-03 2.270653504103664275e-02 2.685755491256713867e-01 2.084831353990057850e-03 9.990224950890064237e-01 -4.415549551710990644e-02 -2.066193148493766785e-03 -2.263653069365919798e-02 4.419142446319606482e-02 9.987665920935023811e-01 -1.033753971569240093e-03
9.997393696375435068e-01 -1.265409947462888419e-03 2.279455054156680205e-02 2.764230370521545410e-01 2.272038446761762229e-03 9.990205912941093613e-01 -4.418932010864773385e-02 -3.177685663104057312e-03 -2.271630775508242522e-02 4.422959312533820964e-02 9.987630912553504547e-01 -1.163726905360817909e-03
9.997372573342214741e-01 -1.440255808300746742e-03 2.287666848680837070e-02 2.842101156711578369e-01 2.451010624649476236e-03 9.990189703577927460e-01 -4.421639302536329447e-02 -4.307066090404987335e-03 -2.279054288003097908e-02 4.426084644990644495e-02 9.987600155326460394e-01 -1.302068587392568588e-03
9.997355408549160050e-01 -1.621044654632830019e-03 2.293949794036691248e-02 2.919308543205261230e-01 2.634847220822249432e-03 9.990177378487353765e-01 -4.423366414528861340e-02 -5.437272600829601288e-03 -2.284526059495353700e-02 4.428240822068005983e-02 9.987578096768633396e-01 -1.433568890206515789e-03
9.997334631373144820e-01 -1.793008792351202460e-03 2.301711977946920701e-02 2.996051907539367676e-01 2.810341948120367861e-03 9.990168452631265072e-01 -4.424302045119651167e-02 -6.577874533832073212e-03 -2.291516226445966531e-02 4.429591403257087528e-02 9.987556094152425512e-01 -1.583158154971897602e-03
9.997314346119072770e-01 -1.958336197482570852e-03 2.309163415948504300e-02 3.072173595428466797e-01 2.979036350659723491e-03 9.990160046230563973e-01 -4.425096438956863110e-02 -7.729046978056430817e-03 -2.298225383288843293e-02 4.430787092970110697e-02 9.987535374567829694e-01 -1.735578523948788643e-03
9.997293775496812751e-01 -2.121344257865779778e-03 2.316617281008085186e-02 3.147695064544677734e-01 3.145026292770942457e-03 9.990158914830605807e-01 -4.424203175627806212e-02 -8.871040306985378265e-03 -2.304952220209106548e-02 4.430291709182767462e-02 9.987522070380669970e-01 -1.885997364297509193e-03
9.997271288933744504e-01 -2.276847099059728548e-03 2.324830578553295155e-02 3.222663402557373047e-01 3.303592764541181392e-03 9.990162715205306299e-01 -4.422188951258784750e-02 -1.001024525612592697e-02 -2.312474928418063388e-02 4.428662557144040501e-02 9.987511906205863710e-01 -2.041029511019587517e-03
9.996500033575287381e-01 -3.012823478082929125e-03 2.628295420957535433e-02 4.951339364051818848e-01 4.202274880082674906e-03 9.989637527494964475e-01 -4.531844633783410625e-02 -8.917160332202911377e-03 -2.611918209142370662e-02 4.541303323202311448e-02 9.986267795025036698e-01 4.690960980951786041e-03
9.996471369269239737e-01 -3.141948257848138984e-03 2.637669037139838898e-02 5.024048089981079102e-01 4.334788976489257518e-03 9.989645381441358829e-01 -4.528864245042534681e-02 -9.997593238949775696e-03 -2.620708374338745136e-02 4.538699914753305947e-02 9.986256601299852154e-01 4.580320324748754501e-03
9.996440554481336171e-01 -3.276515259766453383e-03 2.647691173383453361e-02 5.096282958984375000e-01 4.472951802035563147e-03 9.989654167260724194e-01 -4.525581606248011562e-02 -1.107223145663738251e-02 -2.630123779188755367e-02 4.535813745136459824e-02 9.986244961233214923e-01 4.464810248464345932e-03
9.996404840649912860e-01 -3.403749028480161556e-03 2.659543402279945096e-02 5.168091058731079102e-01 4.604543894184786115e-03 9.989664203782787633e-01 -4.522045037518498262e-02 -1.215072162449359894e-02 -2.641402646013068373e-02 4.532665274602971223e-02 9.986229487434205021e-01 4.333402961492538452e-03
9.996369117384430458e-01 -3.527299427002530789e-03 2.671334589265414797e-02 5.239320397377014160e-01 4.732023881684472959e-03 9.989680998464222084e-01 -4.517016093851976971e-02 -1.322133094072341919e-02 -2.652645170412889011e-02 4.528016837403408407e-02 9.986220775208245470e-01 4.204929340630769730e-03
9.996334259505672559e-01 -3.644499253134121999e-03 2.682780921964456403e-02 5.309938788414001465e-01 4.852500061413625096e-03 9.989706256369100812e-01 -4.510146735699893661e-02 -1.428555138409137726e-02 -2.663582109651816202e-02 4.521511627536044242e-02 9.986221138622556337e-01 4.083192441612482071e-03
9.996299167776440120e-01 -3.759269833924375713e-03 2.694248268880040931e-02 5.380006432533264160e-01 4.970268540255341240e-03 9.989736089781274808e-01 -4.502249433175595922e-02 -1.534940302371978760e-02 -2.674557746167226940e-02 4.513974363607967805e-02 9.986225901864580479e-01 3.962615504860877991e-03
9.996261220555258120e-01 -3.873869252692788839e-03 2.706675527735144179e-02 5.449623465538024902e-01 5.087782576120353575e-03 9.989774090377350202e-01 -4.492494519431216443e-02 -1.640805229544639587e-02 -2.686504369415982849e-02 4.504585851403952040e-02 9.986236228219538269e-01 3.837169613689184189e-03
9.996222060205882665e-01 -3.981225751700783778e-03 2.719549727521937410e-02 5.518733263015747070e-01 5.197891017933977710e-03 9.989817985891651375e-01 -4.481459602096514450e-02 -1.747620292007923126e-02 -2.698938975779465593e-02 4.493902456741376283e-02 9.986250832576913927e-01 3.707305528223514557e-03
9.996182772922390658e-01 -4.107378391192272223e-03 2.732085551456519060e-02 5.587358474731445312e-01 5.326245195461360056e-03 9.989866602513206573e-01 -4.469098065639295903e-02 -1.853785291314125061e-02 -2.710960743747509519e-02 4.481943866966466017e-02 9.986272012627745998e-01 3.578709438443183899e-03
9.996142137333352551e-01 -4.248287019301010339e-03 2.744769133620255513e-02 5.655542612075805664e-01 5.469481092739651024e-03 9.989912491191758059e-01 -4.457094299972731710e-02 -1.961322501301765442e-02 -2.723065329480682528e-02 4.470387277082844835e-02 9.986290879402760501e-01 3.438673447817564011e-03
9.996101019834637835e-01 -4.396744887402853630e-03 2.757376737053305812e-02 5.723245143890380859e-01 5.619864377194225963e-03 9.989963075757868349e-01 -4.443866080707047084e-02 -2.069899067282676697e-02 -2.735070633440972107e-02 4.457629509435497017e-02 9.986315100069043105e-01 3.291849512606859207e-03
9.996060764821520506e-01 -4.547660086810983125e-03 2.769495708053376637e-02 5.790419578552246094e-01 5.772500164536197888e-03 9.990012409087700718e-01 -4.430800045802053833e-02 -2.181291766464710236e-02 -2.746579876515901908e-02 4.445041563891551084e-02 9.986339621942162958e-01 3.135443199425935745e-03
9.996021009957281045e-01 -4.711754407138074412e-03 2.781077228940143434e-02 5.857100486755371094e-01 5.937900951388008601e-03 9.990062804943977692e-01 -4.417230880359462181e-02 -2.294391393661499023e-02 -2.757500711183279510e-02 4.431987029714135745e-02 9.986367548211045886e-01 2.970868721604347229e-03
9.995986095255429138e-01 -4.897337511233389694e-03 2.790404845004210849e-02 5.923204421997070312e-01 6.123573542770116389e-03 9.990114352645518281e-01 -4.403014941748930461e-02 -2.408668398857116699e-02 -2.766083298940067575e-02 4.418334862774905142e-02 9.986404307969767302e-01 2.810656093060970306e-03
9.995951827131237533e-01 -5.099039134290302491e-03 2.799054298550975733e-02 5.988861322402954102e-01 6.324927140940831208e-03 9.990166036174604747e-01 -4.388417702652730457e-02 -2.524993941187858582e-02 -2.773925005075810607e-02 4.404345009806534539e-02 9.986444354774529630e-01 2.638635225594043732e-03
9.995918774654126704e-01 -5.310899525308618654e-03 2.806907286326909903e-02 6.054056882858276367e-01 6.535564420169507477e-03 9.990224314021621810e-01 -4.372033797927363935e-02 -2.643185853958129883e-02 -2.780943909684708767e-02 4.388594195803684900e-02 9.986494175613255253e-01 2.460080664604902267e-03
9.995889201761078979e-01 -5.538298924472488671e-03 2.813037337444648095e-02 6.118735671043395996e-01 6.761172498321400826e-03 9.990277483971991002e-01 -4.356425689565598253e-02 -2.765124663710594177e-02 -2.786175169673513197e-02 4.373654281543015027e-02 9.986545136407002365e-01 2.274491824209690094e-03
9.995859263632347336e-01 -5.779414342625364791e-03 2.818819232249780010e-02 6.182983517646789551e-01 7.000248199010498766e-03 9.990330100230945254e-01 -4.340554583630691632e-02 -2.890273556113243103e-02 -2.791007598889902463e-02 4.358489708662562079e-02 9.986597941262290723e-01 2.075398806482553482e-03
9.995831257619544052e-01 -6.038243161762280216e-03 2.823321291458397858e-02 6.246733665466308594e-01 7.256634439834081136e-03 9.990377889155407365e-01 -4.325317994499392610e-02 -3.019130975008010864e-02 -2.794487338614033700e-02 4.344002691374444086e-02 9.986651331217915040e-01 1.870323903858661652e-03
9.995925659306502675e-01 -7.207065701985435405e-03 2.761811615852472965e-02 6.560273170471191406e-01 8.390766016910576261e-03 9.990404313120181401e-01 -4.298617975054453560e-02 2.750892657786607742e-03 -2.728181045729843532e-02 4.320040286691701620e-02 9.986938610056177446e-01 8.289195597171783447e-03
9.995896338793970326e-01 -7.486661341431900471e-03 2.764984164171152559e-02 6.623622179031372070e-01 8.667632546380711275e-03 9.990442685898053288e-01 -4.284182003489091228e-02 1.571478787809610367e-03 -2.730267362171583112e-02 4.306389787071959740e-02 9.986991862985001855e-01 8.100776001811027527e-03
9.995870565192476187e-01 -7.780166344557668673e-03 2.766198566331820249e-02 6.686430573463439941e-01 8.957450479167294866e-03 9.990480544878543867e-01 -4.269366352219680638e-02 3.633615560829639435e-04 -2.730348915614770264e-02 4.292381431891048593e-02 9.987051945615462722e-01 7.920866832137107849e-03
9.995844565559310890e-01 -8.084962432352396297e-03 2.766853075700489994e-02 6.748791933059692383e-01 9.258684324400903373e-03 9.990510512426542533e-01 -4.255906220217509084e-02 -8.879248052835464478e-04 -2.729818632006471985e-02 4.279755125489034806e-02 9.987107582429559649e-01 7.735105231404304504e-03
9.995819667327152658e-01 -8.390205858003207950e-03 2.766760250576683414e-02 6.810643076896667480e-01 9.560283365853586290e-03 9.990535692568428550e-01 -4.243308540664166018e-02 -2.187606878578662872e-03 -2.728539471441396649e-02 4.267985708531708833e-02 9.987161443745943279e-01 7.550558540970087051e-03
9.995794295391007278e-01 -8.700806655643603810e-03 2.766333323782973683e-02 6.872014403343200684e-01 9.867342619572630480e-03 9.990555468744423129e-01 -4.231607034020221092e-02 -3.529815003275871277e-03 -2.726902256983320880e-02 4.257123703805286430e-02 9.987212274629672093e-01 7.367570418864488602e-03
9.995767272363753619e-01 -9.013595827431010107e-03 2.766082894051843585e-02 6.932910680770874023e-01 1.017686491891876648e-02 9.990570863558104753e-01 -4.220627468352017297e-02 -4.912347532808780670e-03 -2.725431686612204626e-02 4.246991043666555055e-02 9.987259428490192770e-01 7.185381371527910233e-03
9.995740293693528011e-01 -9.328673449883390090e-03 2.765385437839921329e-02 6.993279457092285156e-01 1.048842835697243875e-02 9.990585888406482429e-01 -4.209428624330466967e-02 -6.326185539364814758e-03 -2.723513688081859174e-02 4.236640078408895199e-02 9.987308623466509827e-01 7.014550734311342239e-03
9.995714238221591330e-01 -9.647815852318230440e-03 2.763852976229498951e-02 7.053093910217285156e-01 1.080399472484102827e-02 9.990594921879789592e-01 -4.199291329597421712e-02 -7.778254337608814240e-03 -2.720739561455884706e-02 4.227352266345162785e-02 9.987355540409561527e-01 6.855628453195095062e-03
9.995685394246248689e-01 -9.970725627973794220e-03 2.762823959237901278e-02 7.112445831298828125e-01 1.112411778240105648e-02 9.990593513740714249e-01 -4.191260473393338543e-02 -9.274270385503768921e-03 -2.718435204461384924e-02 4.220186088872542735e-02 9.987392121777551868e-01 6.694909185171127319e-03
9.995655604271684869e-01 -1.028667971137547585e-02 2.762018516296033815e-02 7.171272635459899902e-01 1.143754694522889498e-02 9.990589310330694195e-01 -4.183819837106298595e-02 -1.080943457782268524e-02 -2.716381651749848192e-02 4.213592936647189008e-02 9.987425546799472142e-01 6.540537346154451370e-03
9.995627579742931701e-01 -1.060517272384363038e-02 2.760114458355186068e-02 7.229491472244262695e-01 1.175325031193022451e-02 9.990580781085872664e-01 -4.177101474804141568e-02 -1.237643137574195862e-02 -2.713215763498736527e-02 4.207715386612341513e-02 9.987458931803409046e-01 6.404355168342590332e-03
9.995596963017299164e-01 -1.091664271951059938e-02 2.759058609250891400e-02 7.287218570709228516e-01 1.206247102823229493e-02 9.990569280608974090e-01 -4.171032589438618265e-02 -1.398196443915367126e-02 -2.710922945947831161e-02 4.202477132903166546e-02 9.987487212872194764e-01 6.270159035921096802e-03
9.995566166513766282e-01 -1.122432993739318902e-02 2.757869695814804331e-02 7.344375848770141602e-01 1.236807852288155860e-02 9.990553835756750267e-01 -4.165778657241203664e-02 -1.562493853271007538e-02 -2.708506492708963667e-02 4.198041169304245201e-02 9.987512424482775097e-01 6.145415827631950378e-03
9.995532743797468367e-01 -1.153097763211891752e-02 2.757332463766421979e-02 7.401022911071777344e-01 1.267313751787567389e-02 9.990534197966600694e-01 -4.161317072816539397e-02 -1.730247214436531067e-02 -2.706738373355392288e-02 4.194402159361930449e-02 9.987532507032828022e-01 6.023927126079797745e-03
9.995499986405148585e-01 -1.183400998927751184e-02 2.756367945903802699e-02 7.457067370414733887e-01 1.297447159389053355e-02 9.990513072186051335e-01 -4.157100710417790251e-02 -1.901319622993469238e-02 -2.704557828197138789e-02 4.190992427063024856e-02 9.987552727986089840e-01 5.916417110711336136e-03
9.995464648281150444e-01 -1.213726090131902850e-02 2.755996276178509022e-02 7.512594461441040039e-01 1.327643481822079856e-02 9.990488468321387927e-01 -4.153477966585510800e-02 -2.075672894716262817e-02 -2.702963055861479572e-02 4.188184023161958119e-02 9.987568825948974771e-01 5.813446361571550369e-03
9.995427396331454384e-01 -1.243752245513614352e-02 2.756119884627793171e-02 7.567583322525024414e-01 1.357572263330782125e-02 9.990461705072616327e-01 -4.150239691583058887e-02 -2.253487333655357361e-02 -2.701872316838050542e-02 4.185758270557002336e-02 9.987581946439272329e-01 5.717076361179351807e-03
9.995388339989829118e-01 -1.274470020925935580e-02 2.756250976471205302e-02 7.622023820877075195e-01 1.388213271422751062e-02 9.990429886998642983e-01 -4.147762192975285034e-02 -2.434364892542362213e-02 -2.700751227451942196e-02 4.184112027920673660e-02 9.987591876596293439e-01 5.631028208881616592e-03
9.995349018619403836e-01 -1.304684408005900124e-02 2.756374102678729732e-02 7.675879001617431641e-01 1.418357999345960622e-02 9.990396730871876629e-01 -4.145549006361270994e-02 -2.618985436856746674e-02 -2.699640750933909178e-02 4.182716171814421235e-02 9.987600725520587863e-01 5.557775497436523438e-03
9.995304728968155139e-01 -1.336081415311069810e-02 2.757394414722617870e-02 7.729276418685913086e-01 1.449726120245055892e-02 9.990360306481588237e-01 -4.143475454734840691e-02 -2.805875800549983978e-02 -2.699376165517199111e-02 4.181504647775875771e-02 9.987606513673666919e-01 5.491347052156925201e-03
9.995011981852830463e-01 -1.455241989248258136e-02 2.802823400530905090e-02 7.803068161010742188e-01 1.570750964248881359e-02 9.990174234092311645e-01 -4.144227148229351343e-02 3.601550310850143433e-02 -2.739760878278624939e-02 4.186185375797248087e-02 9.987476939812834908e-01 3.266745246946811676e-03
9.994962991713981504e-01 -1.486436506675779985e-02 2.803923311792228326e-02 7.855350971221923828e-01 1.601916834859136093e-02 9.990133761774967480e-01 -4.142053191182892141e-02 3.436408191919326782e-02 -2.739587903496670460e-02 4.184883355126519516e-02 9.987482870785311384e-01 3.241870319470763206e-03
9.994909562971305839e-01 -1.518254198425852963e-02 2.805919990205505907e-02 7.907140851020812988e-01 1.633735988828200619e-02 9.990092324390590361e-01 -4.139618549338573705e-02 3.268695622682571411e-02 -2.740290043276466178e-02 4.183352627281464176e-02 9.987487357325933734e-01 3.228392684832215309e-03
9.994851465767421450e-01 -1.550726328009126298e-02 2.808854852124414991e-02 7.958439588546752930e-01 1.666249516321120783e-02 9.990048559249259386e-01 -4.137220193987685424e-02 3.098197467625141144e-02 -2.741902674064702894e-02 4.181892662395723936e-02 9.987489045544009070e-01 3.226882079616189003e-03
9.994788918059505090e-01 -1.583128278217982993e-02 2.813032740335127957e-02 8.009251952171325684e-01 1.698732094212831306e-02 9.990005706191437129e-01 -4.134357059851324900e-02 2.924790419638156891e-02 -2.744769137028118394e-02 4.179988502491097102e-02 9.987489143174804740e-01 3.236406715586781502e-03
9.994722386824402838e-01 -1.615855445482147767e-02 2.818058234035931628e-02 8.059564232826232910e-01 1.731559935017367574e-02 9.989963465721155567e-01 -4.130943663026543505e-02 2.748919650912284851e-02 -2.748479802100549027e-02 4.177559878082203609e-02 9.987489099990289887e-01 3.260136349126696587e-03
9.994652236355751063e-01 -1.648648833752232659e-02 2.823937756726825621e-02 8.109379410743713379e-01 1.764475343127189580e-02 9.989922099005827949e-01 -4.127017366452079283e-02 2.570311538875102997e-02 -2.753051796533461520e-02 4.174638020531633298e-02 9.987488725001464340e-01 3.297629533335566521e-03
9.994575520308532912e-01 -1.682252957830275911e-02 2.831261533453584625e-02 8.158771395683288574e-01 1.798260831943717872e-02 9.989878113399398574e-01 -4.123079664845822473e-02 2.389208041131496429e-02 -2.759035133020191002e-02 4.171756575860981892e-02 9.987484253908248677e-01 3.341886447742581367e-03
9.994494585703439515e-01 -1.715786484749550617e-02 2.839696176215462248e-02 8.207678198814392090e-01 1.832026258655231749e-02 9.989832337648234528e-01 -4.119304110569893540e-02 2.204860188066959381e-02 -2.766130405830435901e-02 4.169060242609969047e-02 9.987475886965349048e-01 3.393865423277020454e-03
9.994410038610567204e-01 -1.749256642810391449e-02 2.849017235752721033e-02 8.256066441535949707e-01 1.865771701099385588e-02 9.989784439187228138e-01 -4.115772323228047286e-02 2.017374895513057709e-02 -2.774111384102855710e-02 4.166627779734711351e-02 9.987463901798961929e-01 3.453847253695130348e-03
9.994322156761099585e-01 -1.783694517215047085e-02 2.858478014026320790e-02 8.303906917572021484e-01 1.900485112037459887e-02 9.989734247764046060e-01 -4.112070311161221403e-02 1.828052848577499390e-02 -2.782196798635718643e-02 4.164060491187245028e-02 9.987452118132729151e-01 3.528538858518004417e-03
9.994230984521507155e-01 -1.817824834500480005e-02 2.868835246942353159e-02 8.351230025291442871e-01 1.934913737958678451e-02 9.989685490922971534e-01 -4.107856870798329285e-02 1.636275835335254669e-02 -2.791202541859738248e-02 4.160996529123711651e-02 9.987439760146208378e-01 3.611223073676228523e-03
9.994133953836746853e-01 -1.851074397165074908e-02 2.881349484687511370e-02 8.398118019104003906e-01 1.968546594003482003e-02 9.989637774508559609e-01 -4.103478733758025160e-02 1.441510487347841263e-02 -2.802405321145805261e-02 4.157792321331962165e-02 9.987421733074400843e-01 3.688292810693383217e-03
9.994032172959368410e-01 -1.884827008122304595e-02 2.894740011599750140e-02 8.444505929946899414e-01 2.002713138246226335e-02 9.989588542432056295e-01 -4.098928564504887573e-02 1.244957000017166138e-02 -2.814468452692222428e-02 4.154455733362778791e-02 9.987401696581713617e-01 3.768910421058535576e-03
9.993934121156573536e-01 -1.917697358230086718e-02 2.906976959054645426e-02 8.490198254585266113e-01 2.035962479064582636e-02 9.989538047576522750e-01 -4.094852425416984493e-02 1.044972334057092667e-02 -2.825408816804825946e-02 4.151553497708960344e-02 9.987382874694241686e-01 3.866536775603890419e-03
9.993831324010128414e-01 -1.950387495825689835e-02 2.920536823860152287e-02 8.535415530204772949e-01 2.069058113719042871e-02 9.989490762326695972e-01 -4.089795772531060192e-02 8.433869108557701111e-03 -2.837700696946340861e-02 4.147700514150741424e-02 9.987364034218170206e-01 3.964981995522975922e-03
9.993726541913432460e-01 -1.982316406907130499e-02 2.934859827727129625e-02 8.580101132392883301e-01 2.101449899291838938e-02 9.989440059007088646e-01 -4.085662623273186855e-02 6.383085623383522034e-03 -2.850769872554786630e-02 4.144774108845018790e-02 9.987338964268901442e-01 4.061621613800525665e-03
9.993616801751408207e-01 -2.014824542018975317e-02 2.950051531765827267e-02 8.624297380447387695e-01 2.134427573241389625e-02 9.989391069755255703e-01 -4.080542180149664133e-02 4.323665052652359009e-03 -2.864706077380845678e-02 4.140904202498740805e-02 9.987315140454888773e-01 4.160838201642036438e-03
9.993509041664679904e-01 -2.045244054483723664e-02 2.965582602833673892e-02 8.667878508567810059e-01 2.165333596329721902e-02 9.989345012368610055e-01 -4.075530984208496077e-02 2.225724980235099792e-03 -2.879068223095201939e-02 4.137100330453281904e-02 9.987289605805234061e-01 4.260425455868244171e-03
9.993397431995967306e-01 -2.075675161990237980e-02 2.982004231978715308e-02 8.710950613021850586e-01 2.196284892630051902e-02 9.989298160787346559e-01 -4.070449380530258982e-02 1.072864979505538940e-04 -2.894323632223454179e-02 4.133255147090603848e-02 9.987261432745716538e-01 4.354840144515037537e-03
9.993286309062386907e-01 -2.105912068087903086e-02 2.998000812559569253e-02 8.753398656845092773e-01 2.227005844689276468e-02 9.989253275487531836e-01 -4.064768724525613663e-02 -2.030747011303901672e-03 -2.909178488567848095e-02 4.128805417750212869e-02 9.987236678052648919e-01 4.455323331058025360e-03
9.993171377069238748e-01 -2.136256191974616331e-02 3.014795570956332188e-02 8.795320987701416016e-01 2.257862182106535470e-02 9.989207577014668216e-01 -4.058972369687440657e-02 -4.190081730484962463e-03 -2.924831827476739171e-02 4.124270579571989032e-02 9.987209695889766037e-01 4.548050463199615479e-03
9.993283033320498054e-01 -2.197502533868650812e-02 2.932644575892101244e-02 8.767488598823547363e-01 2.318247934703971877e-02 9.988699942903057627e-01 -4.148863890041124686e-02 4.472437128424644470e-02 -2.838159281666423686e-02 4.214063084303231593e-02 9.987084922144902066e-01 7.806338369846343994e-03
9.993171580817367117e-01 -2.226308090133526790e-02 2.948851966819925063e-02 8.808052539825439453e-01 2.347561949255089209e-02 9.988655022718396781e-01 -4.143191596663613196e-02 4.272976890206336975e-02 -2.853266291256632142e-02 4.209588578478939969e-02 9.987060746521529975e-01 7.912349887192249298e-03
9.993061985383746570e-01 -2.254576039531275278e-02 2.964473395022352784e-02 8.847970962524414062e-01 2.376310915458154649e-02 9.988610789974177173e-01 -4.137462395504969137e-02 4.070387408137321472e-02 -2.867814858197493752e-02 4.205036922919316855e-02 9.987038250860955646e-01 8.016237989068031311e-03
9.992952590849580874e-01 -2.282631820764558991e-02 2.979839538313937275e-02 8.887279033660888672e-01 2.404835272224125145e-02 9.988566301551468074e-01 -4.131717713555883853e-02 3.864729404449462891e-02 -2.882120576369535253e-02 4.200466155306790961e-02 9.987016303712230592e-01 8.113414980471134186e-03
9.992847467307973686e-01 -2.309840896933820081e-02 2.994091605564713765e-02 8.925896286964416504e-01 2.432470015123552876e-02 9.988522441325228263e-01 -4.126140271458796777e-02 3.655115887522697449e-02 -2.895347843901651536e-02 4.196019416671140784e-02 9.986996736716065026e-01 8.208740502595901489e-03
9.992745679645865797e-01 -2.336690740424582011e-02 3.007200454825417063e-02 8.963845968246459961e-01 2.459694892062744623e-02 9.988479024835811293e-01 -4.120507017281402340e-02 3.441935032606124878e-02 -2.907452360718679185e-02 4.191485825470349369e-02 9.986980608444693264e-01 8.302379399538040161e-03
9.992643127473797016e-01 -2.363120955594116487e-02 3.020594650776594128e-02 9.001243710517883301e-01 2.486515056184710262e-02 9.988435292730872828e-01 -4.115007067818651776e-02 3.224891051650047302e-02 -2.919858827141300420e-02 4.187087250352285184e-02 9.986962864048058997e-01 8.381268009543418884e-03
9.992539847099101147e-01 -2.389870121897872193e-02 3.033687725216279926e-02 9.038072824478149414e-01 2.513667661650906618e-02 9.988386141240406246e-01 -4.110438447955213487e-02 3.003830462694168091e-02 -2.931930302793457968e-02 4.183628825328299800e-02 9.986941991696679510e-01 8.447953499853610992e-03
9.992443307739027336e-01 -2.415568635319388299e-02 3.045111218036863909e-02 9.074202775955200195e-01 2.539708796613103850e-02 9.988337737150557727e-01 -4.106190946584645229e-02 2.777997776865959167e-02 -2.942372068681788078e-02 4.180424981920966010e-02 9.986924698614670914e-01 8.515737950801849365e-03
9.992346589379260680e-01 -2.441318944289634293e-02 3.056292784456086237e-02 9.109799265861511230e-01 2.565813981776885258e-02 9.988285265799307089e-01 -4.102723913763246799e-02 2.547872811555862427e-02 -2.952551842556543071e-02 4.178002718273303440e-02 9.986904791226918210e-01 8.571073412895202637e-03
9.992254027112567050e-01 -2.466551141173746117e-02 3.066279705644013587e-02 9.144798517227172852e-01 2.591389662833161120e-02 9.988228098162013069e-01 -4.100566488187547265e-02 2.312349900603294373e-02 -2.961527541764770455e-02 4.176849455829095836e-02 9.986883038887913733e-01 8.619942702353000641e-03
9.992161516421586009e-01 -2.492249328481418655e-02 3.075632659963020016e-02 9.179307222366333008e-01 2.617451698136472396e-02 9.988162473327937274e-01 -4.099998444911479023e-02 2.071875706315040588e-02 -2.969809687887386973e-02 4.177287867149924450e-02 9.986856610812379076e-01 8.656568825244903564e-03
9.992074265589161453e-01 -2.517638948664436757e-02 3.083290647871390899e-02 9.213255643844604492e-01 2.643177146201028047e-02 9.988091181514326955e-01 -4.100862049542249727e-02 1.825825870037078857e-02 -2.976373912814708755e-02 4.179108648951724431e-02 9.986829451448229200e-01 8.689266629517078400e-03
9.991991913501515610e-01 -2.543107854261878950e-02 3.089071461398081725e-02 9.246675968170166016e-01 2.668957629569424991e-02 9.988011634435276509e-01 -4.103538011292179322e-02 1.574197225272655487e-02 -2.981010772136809261e-02 4.182697871009589952e-02 9.986800595434083272e-01 8.717870339751243591e-03
9.991912164811396213e-01 -2.568817303016899395e-02 3.093591235623411456e-02 9.279684424400329590e-01 2.694962803275207514e-02 9.987925752281437974e-01 -4.107443509081001864e-02 1.317511312663555145e-02 -2.984343237358604711e-02 4.187492609551639322e-02 9.986770549625431093e-01 8.739477023482322693e-03
9.991830896734887890e-01 -2.595032894531058149e-02 3.097956968989538581e-02 9.312443733215332031e-01 2.721483985549849605e-02 9.987835541848129051e-01 -4.111890540362625468e-02 1.056497544050216675e-02 -2.987483560089461074e-02 4.192841897308995092e-02 9.986738716318939169e-01 8.747243322432041168e-03
9.991755727220013039e-01 -2.620456320842813949e-02 3.100799481933922200e-02 9.344884753227233887e-01 2.747215413724479402e-02 9.987737723256159272e-01 -4.118534279957219990e-02 7.887663319706916809e-03 -2.989072803931241626e-02 4.200324489267828754e-02 9.986702517827220627e-01 8.746439591050148010e-03
9.991683764537639956e-01 -2.646557977466200764e-02 3.101819759335297522e-02 9.377112984657287598e-01 2.773575195419336267e-02 9.987633741335618653e-01 -4.126076287319730557e-02 5.164064466953277588e-03 -2.988784967649472935e-02 4.208676248577169349e-02 9.986668217504682810e-01 8.744039572775363922e-03
9.991611132462278055e-01 -2.673561431038339389e-02 3.102058516542334499e-02 9.409295320510864258e-01 2.800835336196692490e-02 9.987522062186631189e-01 -4.134685859051943219e-02 2.394560724496841431e-03 -2.987644420793840461e-02 4.218100876934591931e-02 9.986631867555199049e-01 8.730849251151084900e-03
9.991538395676354822e-01 -2.701510921516461078e-02 3.101271918656059445e-02 9.441475868225097656e-01 2.829045001363087591e-02 9.987400288732903864e-01 -4.144882584833144146e-02 -4.240646958351135254e-04 -2.985389949869176468e-02 4.229111727386478115e-02 9.986592041755036897e-01 8.707979694008827209e-03
9.990879766929680050e-01 -2.689498489257153083e-02 3.316435760239992009e-02 9.327639341354370117e-01 2.822259535449084603e-02 9.987915808198496448e-01 -4.023509904104289464e-02 4.386171326041221619e-02 -3.204215877571584686e-02 4.113438793776088426e-02 9.986397058949627592e-01 7.488955743610858917e-03
9.990808615344639598e-01 -2.719107530731883909e-02 3.313725304223278517e-02 9.359582066535949707e-01 2.852132989907200239e-02 9.987782497301368467e-01 -4.035519305854826794e-02 4.117289185523986816e-02 -3.199946650088953543e-02 4.126321957429057025e-02 9.986357598514196132e-01 7.459490559995174408e-03
9.990736520129641640e-01 -2.749474267856006141e-02 3.310403266247891746e-02 9.391714930534362793e-01 2.882725728274373664e-02 9.987647564183399496e-01 -4.047160207069465387e-02 3.845655918121337891e-02 -3.195038483388269041e-02 4.138840975024198066e-02 9.986321507178270718e-01 7.426297292113304138e-03
9.990662679614460417e-01 -2.780336135298498018e-02 3.306909915712150094e-02 9.424115419387817383e-01 2.913815154967423771e-02 9.987508833737130942e-01 -4.059114539522287041e-02 3.570812195539474487e-02 -3.189922171239308046e-02 4.151681656513716429e-02 9.986284562320665303e-01 7.383433170616626740e-03
9.990591008996526634e-01 -2.811428297667768403e-02 3.302271948651295391e-02 9.456753730773925781e-01 2.945090086975231045e-02 9.987367898378014530e-01 -4.071202601742134053e-02 3.292865306138992310e-02 -3.183641543166650795e-02 4.164626894681516811e-02 9.986250702517295297e-01 7.339862175285816193e-03
9.990520782837359892e-01 -2.842785702681110624e-02 3.296667744573299891e-02 9.489682912826538086e-01 2.976591689083312245e-02 9.987224710182804888e-01 -4.083400635240091309e-02 3.012133203446865082e-02 -3.176373826544712925e-02 4.177658229203400769e-02 9.986219415291259782e-01 7.294567301869392395e-03
9.990453488285025996e-01 -2.874164161747391408e-02 3.289846533302347165e-02 9.522918462753295898e-01 3.008056885541291262e-02 9.987081075453136947e-01 -4.095455164683078908e-02 2.728841826319694519e-02 -3.167886300785144327e-02 4.190505888781041743e-02 9.986192546101536616e-01 7.250908762216567993e-03
9.990386777199812274e-01 -2.905381719511365007e-02 3.282675929641026141e-02 9.556561708450317383e-01 3.039365044597567428e-02 9.986934094802868422e-01 -4.108162452006933890e-02 2.442498318850994110e-02 -3.159029015503627552e-02 4.203985688644810287e-02 9.986163948187950501e-01 7.199847139418125153e-03
9.990317333596767657e-01 -2.937470946590751628e-02 3.275243783527221481e-02 9.590680003166198730e-01 3.071531573755215475e-02 9.986783277587085728e-01 -4.120882240748919428e-02 2.154750935733318329e-02 -3.149865266169853822e-02 4.217492274874994757e-02 9.986135943254701441e-01 7.143905386328697205e-03
9.990250330241932097e-01 -2.969302967548227007e-02 3.266967063960900253e-02 9.625220298767089844e-01 3.103417794267893104e-02 9.986630155581409651e-01 -4.134079287752442933e-02 1.864633895456790924e-02 -3.139845840852288628e-02 4.231436334167351654e-02 9.986108508646184267e-01 7.086601108312606812e-03
9.990181571866737498e-01 -3.001758842348388467e-02 3.258321648610945642e-02 9.660266041755676270e-01 3.135858738050217864e-02 9.986480785165280372e-01 -4.145665534924306700e-02 1.574764773249626160e-02 -3.129473771805346693e-02 4.243771507144134675e-02 9.986088722471242463e-01 7.031336426734924316e-03
9.990112152240649968e-01 -3.034759160900946801e-02 3.249023761177618347e-02 9.695807099342346191e-01 3.168833529585174391e-02 9.986325872199047771e-01 -4.157890268702252312e-02 1.283577084541320801e-02 -3.118399048734100260e-02 4.256735164432937091e-02 9.986068191792369930e-01 6.974008865654468536e-03
9.990043587777417411e-01 -3.066847705739519231e-02 3.239962435049552336e-02 9.731889367103576660e-01 3.200902436789328925e-02 9.986172854937123144e-01 -4.170059318744834265e-02 9.906230494379997253e-03 -3.107593123445879027e-02 4.269615472322389749e-02 9.986046889884714339e-01 6.909443996846675873e-03
9.989971503381817053e-01 -3.099869411421981094e-02 3.230750035836021244e-02 9.768553972244262695e-01 3.233889121022837099e-02 9.986016466711015171e-01 -4.182041823149890147e-02 6.977107375860214233e-03 -3.096594470519873493e-02 4.282326737858176136e-02 9.986026627440651726e-01 6.841880269348621368e-03
9.989904274732062106e-01 -3.131957383058438238e-02 3.220574656752109993e-02 9.805705547332763672e-01 3.265896323438927107e-02 9.985862312513502648e-01 -4.193960986561155041e-02 4.032906144857406616e-03 -3.084668438188507486e-02 4.294907508079150865e-02 9.986009508368940413e-01 6.778085604310035706e-03
9.989836487333456638e-01 -3.163707821090344652e-02 3.210552671563898786e-02 9.843464493751525879e-01 3.297531025079486477e-02 9.985713519560218687e-01 -4.204621227395518440e-02 1.088518649339675903e-03 -3.072943991151243226e-02 4.306216825706591506e-02 9.985996951670498278e-01 6.713278125971555710e-03
9.989769701938842061e-01 -3.194458429126997151e-02 3.200869501721979871e-02 9.881834983825683594e-01 3.328206202598452818e-02 9.985562967393101230e-01 -4.216190922590423024e-02 -1.877795904874801636e-03 -3.061563929670524029e-02 4.318409170901731792e-02 9.985979255204374683e-01 6.639360450208187103e-03
9.989702362990614537e-01 -3.225260412020581474e-02 3.190981848996922443e-02 9.920799732208251953e-01 3.358895941471767149e-02 9.985414776745454857e-01 -4.226936442592543752e-02 -4.844021052122116089e-03 -3.049998023005831560e-02 4.329765456696844927e-02 9.985965473177671470e-01 6.568077020347118378e-03
9.989632435122640652e-01 -3.256643065084089544e-02 3.180983662518441918e-02 9.960378408432006836e-01 3.390137172805626070e-02 9.985266652297909440e-01 -4.236975123869661519e-02 -7.807210087776184082e-03 -3.038313852144147731e-02 4.340422122025525131e-02 9.985954829027867685e-01 6.499309092760086060e-03
9.989564733229689963e-01 -3.287054053698027639e-02 3.170949338830671843e-02 1.000054359436035156e+00 3.420391691389348260e-02 9.985122430693181839e-01 -4.246636914578781619e-02 -1.078420132398605347e-02 -3.026642486128486992e-02 4.350664323394283495e-02 9.985945701437749511e-01 6.432411260902881622e-03
9.989946953397134122e-01 -3.294958109317721456e-02 3.039611470068834254e-02 9.957669973373413086e-01 3.427753450206182800e-02 9.984320780306934484e-01 -4.425422225925244174e-02 4.134152084589004517e-02 -2.889029787962084372e-02 4.525163715375932899e-02 9.985577800124193493e-01 -7.476964034140110016e-03
9.989868499561352921e-01 -3.326273984111421944e-02 3.031276551191485966e-02 9.998944997787475586e-01 3.458887663106954835e-02 9.984180551359659317e-01 -4.432828433309765614e-02 3.857397660613059998e-02 -2.879033219882385156e-02 4.533185763651929878e-02 9.985570286443852250e-01 -7.561842910945415497e-03
9.989788078850652120e-01 -3.357891942385400619e-02 3.022908478370281080e-02 1.004084467887878418e+00 3.490257974528164497e-02 9.984048172444083269e-01 -4.438052309610388685e-02 3.581129387021064758e-02 -2.869061385990596610e-02 4.539027509815152933e-02 9.985572450304768255e-01 -7.633197121322154999e-03
9.989697927783984799e-01 -3.390520125831125026e-02 3.016273269975882493e-02 1.008352994918823242e+00 3.522666850559460355e-02 9.983918682775969611e-01 -4.441575377235588290e-02 3.305346518754959106e-02 -2.860830198177865408e-02 4.543252892810398930e-02 9.985576850502511093e-01 -7.706475444138050079e-03
9.989604690393097952e-01 -3.422965338925322565e-02 3.010501827957948878e-02 1.012690305709838867e+00 3.554868729758328683e-02 9.983798638080632060e-01 -4.442902625549884771e-02 3.029123693704605103e-02 -2.853545388075806599e-02 4.545303478806173719e-02 9.985588362737441992e-01 -7.773288525640964508e-03
9.989501178229541756e-01 -3.456855941978143748e-02 3.006121755929092726e-02 1.017106175422668457e+00 3.588569825326579782e-02 9.983673467809184299e-01 -4.443936928563445993e-02 2.752135135233402252e-02 -2.847593303794516972e-02 4.547148096632080277e-02 9.985596955897769744e-01 -7.844697684049606323e-03
9.989386400358983842e-01 -3.493214021919125584e-02 3.002230875426727119e-02 1.021597981452941895e+00 3.624689005543078185e-02 9.983549328853822402e-01 -4.442511614766225803e-02 2.476611547172069550e-02 -2.842105565490673363e-02 4.546618043260869380e-02 9.985615003755803354e-01 -7.906118407845497131e-03
